ts_utc,mmsi,lat,lon,sog,nav
2026-08-21T00:00:00Z,219000811,54.916057,11.359963,0.0,Under way using engine
2026-08-21T00:00:04Z,219002177,54.935970,11.372010,0.0,Under way using engine
2026-08-21T00:00:30Z,219000811,54.916062,11.359960,0.0,Under way using engine
2026-08-21T00:00:35Z,219002177,54.935970,11.372005,0.0,Under way using engine
2026-08-21T00:00:38Z,219000809,54.971912,11.514578,0.0,Moored
2026-08-21T00:01:00Z,219000811,54.916067,11.359960,0.0,Under way using engine
2026-08-21T00:01:15Z,219002177,54.935955,11.372008,0.0,Under way using engine
2026-08-21T00:01:30Z,219000811,54.916067,11.359958,0.0,Under way using engine
2026-08-21T00:01:45Z,219002177,54.935958,11.372007,0.0,Under way using engine
2026-08-21T00:02:00Z,219000811,54.916067,11.359957,0.0,Under way using engine
2026-08-21T00:02:15Z,219002177,54.935968,11.372002,0.0,Under way using engine
2026-08-21T00:02:30Z,219000811,54.916065,11.359960,0.0,Under way using engine
2026-08-21T00:02:45Z,219002177,54.935967,11.372003,0.0,Under way using engine
2026-08-21T00:03:05Z,219000809,54.971912,11.514578,0.0,Moored
2026-08-21T00:03:10Z,219000811,54.916063,11.359962,0.0,Under way using engine
2026-08-21T00:03:15Z,219002177,54.935978,11.371987,0.0,Under way using engine
2026-08-21T00:03:40Z,219000809,54.971903,11.514573,0.0,Moored
2026-08-21T00:03:45Z,219002177,54.935975,11.371997,0.0,Under way using engine
2026-08-21T00:03:50Z,219000811,54.916063,11.359965,0.0,Under way using engine
2026-08-21T00:04:15Z,219002177,54.935972,11.371995,0.0,Under way using engine
2026-08-21T00:04:28Z,219000811,54.916063,11.359967,0.0,Under way using engine
2026-08-21T00:04:45Z,219002177,54.935972,11.371992,0.0,Under way using engine
2026-08-21T00:04:59Z,219000811,54.916062,11.359968,0.0,Under way using engine
2026-08-21T00:05:24Z,219002177,54.935973,11.371988,0.0,Under way using engine
2026-08-21T00:05:38Z,219000811,54.916060,11.359970,0.0,Under way using engine
2026-08-21T00:05:54Z,219002177,54.935970,11.372002,0.0,Under way using engine
2026-08-21T00:06:10Z,219000811,54.916058,11.359970,0.0,Under way using engine
2026-08-21T00:06:24Z,219002177,54.935973,11.372007,0.0,Under way using engine
2026-08-21T00:06:37Z,219000809,54.971910,11.514562,0.0,Moored
2026-08-21T00:06:40Z,219000811,54.916057,11.359970,0.0,Under way using engine
2026-08-21T00:06:54Z,219002177,54.935980,11.372002,0.0,Under way using engine
2026-08-21T00:07:19Z,219000811,54.916057,11.359970,0.0,Under way using engine
2026-08-21T00:07:24Z,219002177,54.935987,11.372000,0.0,Under way using engine
2026-08-21T00:07:50Z,219000811,54.916057,11.359972,0.0,Under way using engine
2026-08-21T00:07:54Z,219002177,54.935990,11.371995,0.0,Under way using engine
2026-08-21T00:08:28Z,219000811,54.916060,11.359972,0.0,Under way using engine
2026-08-21T00:08:34Z,219002177,54.935973,11.371998,0.0,Under way using engine
2026-08-21T00:08:59Z,219000811,54.916062,11.359970,0.0,Under way using engine
2026-08-21T00:09:05Z,219000809,54.971910,11.514562,0.0,Moored
2026-08-21T00:09:05Z,219002177,54.935973,11.371987,0.0,Under way using engine
2026-08-21T00:09:30Z,219000811,54.916063,11.359967,0.0,Under way using engine
2026-08-21T00:09:37Z,219000809,54.971908,11.514585,0.0,Moored
2026-08-21T00:09:44Z,219002177,54.935968,11.371990,0.0,Under way using engine
2026-08-21T00:10:09Z,219000811,54.916065,11.359963,0.0,Under way using engine
2026-08-21T00:10:14Z,219002177,54.935977,11.371978,0.0,Under way using engine
2026-08-21T00:10:39Z,219000811,54.916065,11.359967,0.0,Under way using engine
2026-08-21T00:10:44Z,219002177,54.935967,11.371998,0.0,Under way using engine
2026-08-21T00:11:09Z,219000811,54.916063,11.359970,0.0,Under way using engine
2026-08-21T00:11:14Z,219002177,54.935963,11.372002,0.0,Under way using engine
2026-08-21T00:11:39Z,219000811,54.916063,11.359973,0.0,Under way using engine
2026-08-21T00:11:44Z,219002177,54.935962,11.371993,0.0,Under way using engine
2026-08-21T00:12:09Z,219000811,54.916062,11.359975,0.0,Under way using engine
2026-08-21T00:12:14Z,219002177,54.935970,11.371982,0.0,Under way using engine
2026-08-21T00:12:39Z,219000811,54.916060,11.359978,0.0,Under way using engine
2026-08-21T00:12:40Z,219000809,54.971892,11.514600,0.0,Moored
2026-08-21T00:12:54Z,219002177,54.935968,11.371992,0.0,Under way using engine
2026-08-21T00:13:09Z,219000811,54.916060,11.359978,0.0,Under way using engine
2026-08-21T00:13:34Z,219002177,54.935973,11.371992,0.0,Under way using engine
2026-08-21T00:13:39Z,219000811,54.916060,11.359978,0.0,Under way using engine
2026-08-21T00:14:09Z,219000811,54.916058,11.359980,0.0,Under way using engine
2026-08-21T00:14:14Z,219002177,54.935978,11.371990,0.0,Under way using engine
2026-08-21T00:14:39Z,219000811,54.916057,11.359982,0.0,Under way using engine
2026-08-21T00:14:55Z,219002177,54.935968,11.372003,0.0,Under way using engine
2026-08-21T00:15:05Z,219000809,54.971892,11.514600,0.0,Moored
2026-08-21T00:15:09Z,219000811,54.916058,11.359983,0.0,Under way using engine
2026-08-21T00:15:35Z,219002177,54.935968,11.371998,0.0,Under way using engine
2026-08-21T00:15:37Z,219000809,54.971910,11.514573,0.0,Moored
2026-08-21T00:15:39Z,219000811,54.916062,11.359985,0.0,Under way using engine
2026-08-21T00:16:09Z,219000811,54.916063,11.359985,0.0,Under way using engine
2026-08-21T00:16:13Z,219002177,54.935978,11.371987,0.0,Under way using engine
2026-08-21T00:16:39Z,219000811,54.916063,11.359987,0.0,Under way using engine
2026-08-21T00:16:43Z,219002177,54.935968,11.371978,0.0,Under way using engine
2026-08-21T00:17:09Z,219000811,54.916062,11.359987,0.0,Under way using engine
2026-08-21T00:17:13Z,219002177,54.935958,11.371995,0.0,Under way using engine
2026-08-21T00:17:39Z,219000811,54.916063,11.359983,0.0,Under way using engine
2026-08-21T00:17:43Z,219002177,54.935958,11.371993,0.0,Under way using engine
2026-08-21T00:18:09Z,219000811,54.916062,11.359983,0.0,Under way using engine
2026-08-21T00:18:13Z,219002177,54.935965,11.371988,0.0,Under way using engine
2026-08-21T00:18:37Z,219000809,54.971930,11.514587,0.0,Moored
2026-08-21T00:18:39Z,219000811,54.916063,11.359980,0.0,Under way using engine
2026-08-21T00:18:43Z,219002177,54.935968,11.371993,0.0,Under way using engine
2026-08-21T00:19:09Z,219000811,54.916065,11.359977,0.0,Under way using engine
2026-08-21T00:19:13Z,219002177,54.935972,11.371995,0.0,Under way using engine
2026-08-21T00:19:39Z,219000811,54.916065,11.359978,0.0,Under way using engine
2026-08-21T00:19:44Z,219002177,54.935980,11.372000,0.0,Under way using engine
2026-08-21T00:20:09Z,219000811,54.916065,11.359982,0.0,Under way using engine
2026-08-21T00:20:24Z,219002177,54.935980,11.372000,0.0,Under way using engine
2026-08-21T00:20:39Z,219000811,54.916063,11.359983,0.0,Under way using engine
2026-08-21T00:20:55Z,219002177,54.935980,11.372002,0.0,Under way using engine
2026-08-21T00:21:05Z,219000809,54.971930,11.514587,0.0,Moored
2026-08-21T00:21:09Z,219000811,54.916062,11.359985,0.0,Under way using engine
2026-08-21T00:21:33Z,219002177,54.935973,11.371995,0.0,Under way using engine
2026-08-21T00:21:37Z,219000809,54.971907,11.514595,0.0,Moored
2026-08-21T00:21:39Z,219000811,54.916060,11.359988,0.0,Under way using engine
2026-08-21T00:22:04Z,219002177,54.935968,11.371978,0.0,Under way using engine
2026-08-21T00:22:09Z,219000811,54.916058,11.359988,0.0,Under way using engine
2026-08-21T00:22:41Z,219002177,54.935957,11.371990,0.0,Under way using engine
2026-08-21T00:22:49Z,219000811,54.916057,11.359988,0.0,Under way using engine
2026-08-21T00:23:13Z,219002177,54.935957,11.371988,0.0,Under way using engine
2026-08-21T00:23:19Z,219000811,54.916053,11.359990,0.0,Under way using engine
2026-08-21T00:23:44Z,219002177,54.935963,11.371972,0.0,Under way using engine
2026-08-21T00:23:49Z,219000811,54.916053,11.359987,0.0,Under way using engine
2026-08-21T00:24:19Z,219000811,54.916052,11.359988,0.0,Under way using engine
2026-08-21T00:24:24Z,219002177,54.935967,11.371993,0.0,Under way using engine
2026-08-21T00:24:39Z,219000809,54.971915,11.514582,0.0,Moored
2026-08-21T00:24:49Z,219000811,54.916053,11.359985,0.0,Under way using engine
2026-08-21T00:24:54Z,219002177,54.935963,11.372007,0.0,Under way using engine
2026-08-21T00:25:19Z,219000811,54.916053,11.359985,0.0,Under way using engine
2026-08-21T00:25:24Z,219002177,54.935963,11.372000,0.0,Under way using engine
2026-08-21T00:25:49Z,219000811,54.916053,11.359983,0.0,Under way using engine
2026-08-21T00:25:54Z,219002177,54.935972,11.372007,0.0,Under way using engine
2026-08-21T00:26:19Z,219000811,54.916053,11.359983,0.0,Under way using engine
2026-08-21T00:26:24Z,219002177,54.935958,11.372005,0.0,Under way using engine
2026-08-21T00:26:50Z,219000811,54.916053,11.359982,0.0,Under way using engine
2026-08-21T00:26:54Z,219002177,54.935953,11.371973,0.0,Under way using engine
2026-08-21T00:27:05Z,219000809,54.971915,11.514582,0.0,Moored
2026-08-21T00:27:24Z,219002177,54.935952,11.371983,0.0,Under way using engine
2026-08-21T00:27:28Z,219000811,54.916055,11.359980,0.0,Under way using engine
2026-08-21T00:27:40Z,219000809,54.971920,11.514573,0.0,Moored
2026-08-21T00:27:54Z,219002177,54.935967,11.371965,0.0,Under way using engine
2026-08-21T00:28:00Z,219000811,54.916055,11.359985,0.0,Under way using engine
2026-08-21T00:28:24Z,219002177,54.935963,11.371975,0.0,Under way using engine
2026-08-21T00:28:39Z,219000811,54.916057,11.359982,0.0,Under way using engine
2026-08-21T00:28:54Z,219002177,54.935963,11.371977,0.0,Under way using engine
2026-08-21T00:29:09Z,219000811,54.916058,11.359980,0.0,Under way using engine
2026-08-21T00:29:24Z,219002177,54.935955,11.371987,0.0,Under way using engine
2026-08-21T00:29:39Z,219000811,54.916062,11.359978,0.0,Under way using engine
2026-08-21T00:29:54Z,219002177,54.935962,11.371985,0.0,Under way using engine
2026-08-21T00:30:10Z,219000811,54.916063,11.359975,0.0,Under way using engine
2026-08-21T00:30:25Z,219002177,54.935960,11.371992,0.0,Under way using engine
2026-08-21T00:30:40Z,219000809,54.971935,11.514583,0.0,Moored
2026-08-21T00:30:50Z,219000811,54.916063,11.359980,0.0,Under way using engine
2026-08-21T00:31:03Z,219002177,54.935972,11.371997,0.0,Under way using engine
2026-08-21T00:31:30Z,219000811,54.916065,11.359977,0.0,Under way using engine
2026-08-21T00:31:35Z,219002177,54.935973,11.371995,0.0,Under way using engine
2026-08-21T00:32:10Z,219000811,54.916068,11.359972,0.0,Under way using engine
2026-08-21T00:32:15Z,219002177,54.935963,11.372012,0.0,Under way using engine
2026-08-21T00:32:40Z,219000811,54.916070,11.359972,0.0,Under way using engine
2026-08-21T00:32:54Z,219002177,54.935967,11.372003,0.0,Under way using engine
2026-08-21T00:33:05Z,219000809,54.971935,11.514583,0.0,Moored
2026-08-21T00:33:10Z,219000811,54.916070,11.359970,0.0,Under way using engine
2026-08-21T00:33:25Z,219002177,54.935982,11.371973,0.0,Under way using engine
2026-08-21T00:33:40Z,219000809,54.971923,11.514600,0.0,Moored
2026-08-21T00:33:40Z,219000811,54.916067,11.359970,0.0,Under way using engine
2026-08-21T00:34:04Z,219002177,54.935983,11.371990,0.0,Under way using engine
2026-08-21T00:34:10Z,219000811,54.916063,11.359972,0.0,Under way using engine
2026-08-21T00:34:35Z,219002177,54.935960,11.371993,0.0,Under way using engine
2026-08-21T00:34:40Z,219000811,54.916060,11.359970,0.0,Under way using engine
2026-08-21T00:35:10Z,219000811,54.916062,11.359970,0.0,Under way using engine
2026-08-21T00:35:15Z,219002177,54.935978,11.371978,0.0,Under way using engine
2026-08-21T00:35:40Z,219000811,54.916060,11.359968,0.0,Under way using engine
2026-08-21T00:35:54Z,219002177,54.935988,11.371955,0.0,Under way using engine
2026-08-21T00:36:10Z,219000811,54.916060,11.359972,0.0,Under way using engine
2026-08-21T00:36:24Z,219002177,54.935975,11.371973,0.0,Under way using engine
2026-08-21T00:36:39Z,219000809,54.971907,11.514583,0.0,Moored
2026-08-21T00:36:40Z,219000811,54.916063,11.359970,0.0,Under way using engine
2026-08-21T00:36:54Z,219002177,54.935968,11.371968,0.0,Under way using engine
2026-08-21T00:37:10Z,219000811,54.916063,11.359977,0.0,Under way using engine
2026-08-21T00:37:24Z,219002177,54.935970,11.371970,0.0,Under way using engine
2026-08-21T00:37:40Z,219000811,54.916063,11.359982,0.0,Under way using engine
2026-08-21T00:37:54Z,219002177,54.935977,11.371963,0.0,Under way using engine
2026-08-21T00:38:20Z,219000811,54.916063,11.359983,0.0,Under way using engine
2026-08-21T00:38:24Z,219002177,54.935990,11.371968,0.0,Under way using engine
2026-08-21T00:38:54Z,219002177,54.935985,11.371953,0.0,Under way using engine
2026-08-21T00:38:59Z,219000811,54.916063,11.359988,0.0,Under way using engine
2026-08-21T00:39:05Z,219000809,54.971907,11.514583,0.0,Moored
2026-08-21T00:39:24Z,219002177,54.935972,11.371960,0.0,Under way using engine
2026-08-21T00:39:39Z,219000809,54.971892,11.514575,0.0,Moored
2026-08-21T00:39:40Z,219000811,54.916063,11.359987,0.0,Under way using engine
2026-08-21T00:39:55Z,219002177,54.935970,11.371968,0.0,Under way using engine
2026-08-21T00:40:20Z,219000811,54.916065,11.359988,0.0,Under way using engine
2026-08-21T00:40:35Z,219002177,54.935957,11.371960,0.0,Under way using engine
2026-08-21T00:40:59Z,219000811,54.916065,11.359990,0.0,Under way using engine
2026-08-21T00:41:05Z,219002177,54.935953,11.371962,0.0,Under way using engine
2026-08-21T00:41:35Z,219002177,54.935952,11.371972,0.0,Under way using engine
2026-08-21T00:41:40Z,219000811,54.916063,11.359990,0.0,Under way using engine
2026-08-21T00:42:05Z,219002177,54.935967,11.371967,0.0,Under way using engine
2026-08-21T00:42:20Z,219000811,54.916058,11.359990,0.0,Under way using engine
2026-08-21T00:42:35Z,219002177,54.935978,11.371977,0.0,Under way using engine
2026-08-21T00:42:37Z,219000809,54.971920,11.514583,0.0,Moored
2026-08-21T00:42:59Z,219000811,54.916057,11.359988,0.0,Under way using engine
2026-08-21T00:43:05Z,219002177,54.935977,11.371970,0.0,Under way using engine
2026-08-21T00:43:30Z,219000811,54.916057,11.359987,0.0,Under way using engine
2026-08-21T00:43:35Z,219002177,54.935985,11.371973,0.0,Under way using engine
2026-08-21T00:44:05Z,219002177,54.935970,11.371978,0.0,Under way using engine
2026-08-21T00:44:09Z,219000811,54.916053,11.359988,0.0,Under way using engine
2026-08-21T00:44:35Z,219002177,54.935965,11.371975,0.0,Under way using engine
2026-08-21T00:44:39Z,219000811,54.916052,11.359988,0.0,Under way using engine
2026-08-21T00:45:04Z,219000809,54.971920,11.514583,0.0,Moored
2026-08-21T00:45:09Z,219000811,54.916050,11.359988,0.0,Under way using engine
2026-08-21T00:45:13Z,219002177,54.935968,11.371980,0.0,Under way using engine
2026-08-21T00:45:39Z,219000809,54.971930,11.514557,0.0,Moored
2026-08-21T00:45:39Z,219000811,54.916050,11.359990,0.0,Under way using engine
2026-08-21T00:45:44Z,219002177,54.935970,11.371975,0.0,Under way using engine
2026-08-21T00:46:09Z,219000811,54.916048,11.359992,0.0,Under way using engine
2026-08-21T00:46:15Z,219002177,54.935970,11.371987,0.0,Under way using engine
2026-08-21T00:46:39Z,219000811,54.916050,11.359990,0.0,Under way using engine
2026-08-21T00:46:53Z,219002177,54.935948,11.371992,0.0,Under way using engine
2026-08-21T00:47:09Z,219000811,54.916052,11.359988,0.0,Under way using engine
2026-08-21T00:47:24Z,219002177,54.935977,11.371967,0.0,Under way using engine
2026-08-21T00:47:39Z,219000811,54.916053,11.359988,0.0,Under way using engine
2026-08-21T00:48:04Z,219002177,54.935958,11.371985,0.0,Under way using engine
2026-08-21T00:48:09Z,219000811,54.916055,11.359985,0.0,Under way using engine
2026-08-21T00:48:34Z,219002177,54.935965,11.371970,0.0,Under way using engine
2026-08-21T00:48:36Z,219000809,54.971942,11.514575,0.0,Moored
2026-08-21T00:48:48Z,219000811,54.916057,11.359983,0.0,Under way using engine
2026-08-21T00:49:05Z,219002177,54.935965,11.371978,0.0,Under way using engine
2026-08-21T00:49:19Z,219000811,54.916057,11.359985,0.0,Under way using engine
2026-08-21T00:49:44Z,219002177,54.935960,11.371970,0.0,Under way using engine
2026-08-21T00:50:00Z,219000811,54.916057,11.359980,0.0,Under way using engine
2026-08-21T00:50:15Z,219002177,54.935982,11.371960,0.0,Under way using engine
2026-08-21T00:50:30Z,219000811,54.916057,11.359980,0.0,Under way using engine
2026-08-21T00:50:53Z,219002177,54.935955,11.371953,0.0,Under way using engine
2026-08-21T00:51:05Z,219000809,54.971942,11.514575,0.0,Moored
2026-08-21T00:51:10Z,219000811,54.916057,11.359980,0.0,Under way using engine
2026-08-21T00:51:24Z,219002177,54.935958,11.371955,0.0,Under way using engine
2026-08-21T00:51:48Z,219000811,54.916057,11.359978,0.0,Under way using engine
2026-08-21T00:51:54Z,219002177,54.935960,11.371958,0.0,Under way using engine
2026-08-21T00:52:19Z,219000811,54.916057,11.359980,0.0,Under way using engine
2026-08-21T00:52:24Z,219002177,54.935978,11.371923,0.0,Under way using engine
2026-08-21T00:52:50Z,219000811,54.916057,11.359983,0.0,Under way using engine
2026-08-21T00:52:54Z,219002177,54.935965,11.371958,0.0,Under way using engine
2026-08-21T00:53:24Z,219002177,54.935995,11.371960,0.0,Under way using engine
2026-08-21T00:53:29Z,219000811,54.916058,11.359983,0.0,Under way using engine
2026-08-21T00:53:54Z,219002177,54.935980,11.371950,0.0,Under way using engine
2026-08-21T00:53:59Z,219000811,54.916057,11.359982,0.0,Under way using engine
2026-08-21T00:54:24Z,219002177,54.935963,11.371962,0.0,Under way using engine
2026-08-21T00:54:29Z,219000811,54.916057,11.359982,0.0,Under way using engine
2026-08-21T00:54:38Z,219000809,54.971917,11.514583,0.0,Moored
2026-08-21T00:54:54Z,219002177,54.935982,11.371978,0.0,Under way using engine
2026-08-21T00:54:59Z,219000811,54.916058,11.359982,0.0,Under way using engine
2026-08-21T00:55:24Z,219002177,54.935947,11.371987,0.0,Under way using engine
2026-08-21T00:55:29Z,219000811,54.916058,11.359982,0.0,Under way using engine
2026-08-21T00:55:54Z,219002177,54.935968,11.371993,0.0,Under way using engine
2026-08-21T00:55:59Z,219000811,54.916062,11.359982,0.0,Under way using engine
2026-08-21T00:56:24Z,219002177,54.935973,11.371995,0.0,Under way using engine
2026-08-21T00:56:29Z,219000811,54.916063,11.359983,0.0,Under way using engine
2026-08-21T00:56:59Z,219000811,54.916058,11.359982,0.0,Under way using engine
2026-08-21T00:57:04Z,219000809,54.971917,11.514583,0.0,Moored
2026-08-21T00:57:05Z,219002177,54.935955,11.371973,0.0,Under way using engine
2026-08-21T00:57:29Z,219000811,54.916060,11.359980,0.0,Under way using engine
2026-08-21T00:57:37Z,219000809,54.971927,11.514593,0.0,Moored
2026-08-21T00:57:45Z,219002177,54.935978,11.371962,0.0,Under way using engine
2026-08-21T00:57:59Z,219000811,54.916063,11.359977,0.0,Under way using engine
2026-08-21T00:58:24Z,219002177,54.935947,11.371958,0.0,Under way using engine
2026-08-21T00:58:29Z,219000811,54.916065,11.359975,0.0,Under way using engine
2026-08-21T00:58:59Z,219000811,54.916067,11.359977,0.0,Under way using engine
2026-08-21T00:59:05Z,219002177,54.935977,11.371938,0.0,Under way using engine
2026-08-21T00:59:39Z,219000811,54.916065,11.359982,0.0,Under way using engine
2026-08-21T00:59:45Z,219002177,54.935958,11.371987,0.1,Under way using engine
2026-08-21T01:00:15Z,219002177,54.935975,11.371995,0.0,Under way using engine
2026-08-21T01:00:20Z,219000811,54.916068,11.359983,0.0,Under way using engine
2026-08-21T01:00:39Z,219000809,54.971907,11.514578,0.0,Moored
2026-08-21T01:00:45Z,219002177,54.935945,11.371980,0.0,Under way using engine
2026-08-21T01:00:50Z,219000811,54.916072,11.359987,0.0,Under way using engine
2026-08-21T01:01:15Z,219002177,54.935968,11.371975,0.0,Under way using engine
2026-08-21T01:01:20Z,219000811,54.916073,11.359988,0.0,Under way using engine
2026-08-21T01:01:45Z,219002177,54.935980,11.371977,0.0,Under way using engine
2026-08-21T01:01:50Z,219000811,54.916072,11.359987,0.0,Under way using engine
2026-08-21T01:02:15Z,219002177,54.935952,11.371988,0.0,Under way using engine
2026-08-21T01:02:20Z,219000811,54.916070,11.359983,0.0,Under way using engine
2026-08-21T01:02:45Z,219002177,54.935957,11.372013,0.0,Under way using engine
2026-08-21T01:02:50Z,219000811,54.916072,11.359978,0.0,Under way using engine
2026-08-21T01:03:05Z,219000809,54.971907,11.514578,0.0,Moored
2026-08-21T01:03:20Z,219000811,54.916073,11.359977,0.0,Under way using engine
2026-08-21T01:03:23Z,219002177,54.935952,11.371997,0.0,Under way using engine
2026-08-21T01:03:37Z,219000809,54.971910,11.514598,0.0,Moored
2026-08-21T01:03:55Z,219002177,54.935950,11.371987,0.0,Under way using engine
2026-08-21T01:04:00Z,219000811,54.916070,11.359975,0.0,Under way using engine
2026-08-21T01:04:34Z,219002177,54.935975,11.371972,0.0,Under way using engine
2026-08-21T01:04:39Z,219000811,54.916070,11.359970,0.0,Under way using engine
2026-08-21T01:05:04Z,219002177,54.935975,11.371968,0.0,Under way using engine
2026-08-21T01:05:09Z,219000811,54.916073,11.359970,0.0,Under way using engine
2026-08-21T01:05:34Z,219002177,54.935950,11.371987,0.0,Under way using engine
2026-08-21T01:05:39Z,219000811,54.916078,11.359968,0.0,Under way using engine
2026-08-21T01:06:04Z,219002177,54.935948,11.371963,0.0,Under way using engine
2026-08-21T01:06:09Z,219000811,54.916083,11.359967,0.0,Under way using engine
2026-08-21T01:06:34Z,219002177,54.935952,11.371972,0.0,Under way using engine
2026-08-21T01:06:39Z,219000811,54.916083,11.359967,0.0,Under way using engine
2026-08-21T01:06:40Z,219000809,54.971920,11.514583,0.0,Moored
2026-08-21T01:07:04Z,219002177,54.935965,11.371970,0.0,Under way using engine
2026-08-21T01:07:09Z,219000811,54.916080,11.359967,0.0,Under way using engine
2026-08-21T01:07:34Z,219002177,54.935960,11.371980,0.0,Under way using engine
2026-08-21T01:07:39Z,219000811,54.916077,11.359968,0.0,Under way using engine
2026-08-21T01:08:04Z,219002177,54.935973,11.371983,0.0,Under way using engine
2026-08-21T01:08:09Z,219000811,54.916075,11.359970,0.0,Under way using engine
2026-08-21T01:08:34Z,219002177,54.935983,11.371968,0.0,Under way using engine
2026-08-21T01:08:39Z,219000811,54.916075,11.359970,0.0,Under way using engine
2026-08-21T01:09:09Z,219000811,54.916077,11.359972,0.0,Under way using engine
2026-08-21T01:09:14Z,219002177,54.935972,11.371977,0.0,Under way using engine
2026-08-21T01:09:40Z,219000809,54.971977,11.514558,0.0,Moored
2026-08-21T01:09:40Z,219000811,54.916077,11.359972,0.0,Under way using engine
2026-08-21T01:09:54Z,219002177,54.935985,11.371980,0.0,Under way using engine
2026-08-21T01:10:19Z,219000811,54.916073,11.359972,0.0,Under way using engine
2026-08-21T01:10:34Z,219002177,54.935990,11.371938,0.0,Under way using engine
2026-08-21T01:10:49Z,219000811,54.916070,11.359972,0.0,Under way using engine
2026-08-21T01:11:14Z,219002177,54.935963,11.371993,0.1,Under way using engine
2026-08-21T01:11:19Z,219000811,54.916070,11.359973,0.0,Under way using engine
2026-08-21T01:11:50Z,219000811,54.916067,11.359975,0.0,Under way using engine
2026-08-21T01:11:54Z,219002177,54.935977,11.371992,0.1,Under way using engine
2026-08-21T01:12:25Z,219000811,54.916067,11.359978,0.0,Under way using engine
2026-08-21T01:12:34Z,219002177,54.935953,11.371982,0.0,Under way using engine
2026-08-21T01:12:38Z,219000809,54.971923,11.514587,0.0,Moored
2026-08-21T01:12:59Z,219000811,54.916067,11.359980,0.0,Under way using engine
2026-08-21T01:13:14Z,219002177,54.935907,11.371990,0.0,Under way using engine
2026-08-21T01:13:30Z,219000811,54.916065,11.359982,0.0,Under way using engine
2026-08-21T01:13:54Z,219002177,54.935950,11.372020,0.0,Under way using engine
2026-08-21T01:14:10Z,219000811,54.916062,11.359982,0.0,Under way using engine
2026-08-21T01:14:35Z,219002177,54.935945,11.371993,0.0,Under way using engine
2026-08-21T01:14:40Z,219000811,54.916062,11.359980,0.0,Under way using engine
2026-08-21T01:15:05Z,219000809,54.971923,11.514587,0.0,Moored
2026-08-21T01:15:05Z,219002177,54.935955,11.371992,0.0,Under way using engine
2026-08-21T01:15:10Z,219000811,54.916065,11.359978,0.0,Under way using engine
2026-08-21T01:15:35Z,219002177,54.935953,11.371997,0.0,Under way using engine
2026-08-21T01:15:40Z,219000811,54.916068,11.359975,0.0,Under way using engine
2026-08-21T01:16:05Z,219002177,54.935955,11.372002,0.0,Under way using engine
2026-08-21T01:16:10Z,219000811,54.916070,11.359972,0.0,Under way using engine
2026-08-21T01:16:35Z,219002177,54.935953,11.372010,0.0,Under way using engine
2026-08-21T01:16:49Z,219000811,54.916068,11.359972,0.0,Under way using engine
2026-08-21T01:17:05Z,219002177,54.935963,11.371987,0.0,Under way using engine
2026-08-21T01:17:20Z,219000811,54.916068,11.359968,0.0,Under way using engine
2026-08-21T01:17:44Z,219002177,54.935933,11.371977,0.0,Under way using engine
2026-08-21T01:17:59Z,219000811,54.916067,11.359967,0.0,Under way using engine
2026-08-21T01:18:14Z,219002177,54.935938,11.371985,0.0,Under way using engine
2026-08-21T01:18:30Z,219000811,54.916065,11.359968,0.0,Under way using engine
2026-08-21T01:18:44Z,219002177,54.935942,11.371988,0.0,Under way using engine
2026-08-21T01:19:10Z,219000811,54.916063,11.359968,0.0,Under way using engine
2026-08-21T01:19:14Z,219002177,54.935942,11.371982,0.0,Under way using engine
2026-08-21T01:19:44Z,219002177,54.935953,11.372003,0.0,Under way using engine
2026-08-21T01:19:49Z,219000811,54.916062,11.359968,0.0,Under way using engine
2026-08-21T01:20:14Z,219002177,54.935952,11.372007,0.0,Under way using engine
2026-08-21T01:20:20Z,219000811,54.916062,11.359970,0.0,Under way using engine
2026-08-21T01:20:54Z,219002177,54.935958,11.372002,0.0,Under way using engine
2026-08-21T01:21:00Z,219000811,54.916062,11.359972,0.0,Under way using engine
2026-08-21T01:21:05Z,219000809,54.971923,11.514587,0.0,Moored
2026-08-21T01:21:24Z,219002177,54.935957,11.372007,0.0,Under way using engine
2026-08-21T01:21:30Z,219000811,54.916062,11.359972,0.0,Under way using engine
2026-08-21T01:21:37Z,219000809,54.971943,11.514590,0.0,Moored
2026-08-21T01:21:54Z,219002177,54.935947,11.372003,0.0,Under way using engine
2026-08-21T01:22:00Z,219000811,54.916060,11.359973,0.0,Under way using engine
2026-08-21T01:22:24Z,219002177,54.935940,11.372003,0.0,Under way using engine
2026-08-21T01:22:30Z,219000811,54.916062,11.359972,0.0,Under way using engine
2026-08-21T01:22:54Z,219002177,54.935970,11.372017,0.0,Under way using engine
2026-08-21T01:23:10Z,219000811,54.916062,11.359968,0.0,Under way using engine
2026-08-21T01:23:24Z,219002177,54.935972,11.372010,0.0,Under way using engine
2026-08-21T01:23:40Z,219000811,54.916063,11.359967,0.0,Under way using engine
2026-08-21T01:23:54Z,219002177,54.935963,11.372013,0.0,Under way using engine
2026-08-21T01:24:10Z,219000811,54.916063,11.359967,0.0,Under way using engine
2026-08-21T01:24:24Z,219002177,54.935952,11.372005,0.0,Under way using engine
2026-08-21T01:24:39Z,219000809,54.971947,11.514632,0.0,Moored
2026-08-21T01:24:40Z,219000811,54.916067,11.359965,0.0,Under way using engine
2026-08-21T01:24:54Z,219002177,54.935958,11.371995,0.0,Under way using engine
2026-08-21T01:25:19Z,219000811,54.916070,11.359963,0.0,Under way using engine
2026-08-21T01:25:24Z,219002177,54.935952,11.372017,0.0,Under way using engine
2026-08-21T01:25:49Z,219000811,54.916070,11.359965,0.0,Under way using engine
2026-08-21T01:25:54Z,219002177,54.935958,11.372017,0.0,Under way using engine
2026-08-21T01:26:19Z,219000811,54.916068,11.359965,0.0,Under way using engine
2026-08-21T01:26:24Z,219002177,54.935968,11.372008,0.0,Under way using engine
2026-08-21T01:26:49Z,219000811,54.916068,11.359963,0.0,Under way using engine
2026-08-21T01:26:54Z,219002177,54.935967,11.372000,0.0,Under way using engine
2026-08-21T01:27:05Z,219000809,54.971947,11.514632,0.0,Moored
2026-08-21T01:27:19Z,219000811,54.916072,11.359960,0.0,Under way using engine
2026-08-21T01:27:25Z,219002177,54.935960,11.372012,0.0,Under way using engine
2026-08-21T01:27:37Z,219000809,54.971902,11.514580,0.0,Moored
2026-08-21T01:27:49Z,219000811,54.916072,11.359957,0.0,Under way using engine
2026-08-21T01:28:04Z,219002177,54.935957,11.372018,0.0,Under way using engine
2026-08-21T01:28:19Z,219000811,54.916072,11.359957,0.0,Under way using engine
2026-08-21T01:28:34Z,219002177,54.935957,11.372018,0.0,Under way using engine
2026-08-21T01:28:50Z,219000811,54.916073,11.359958,0.0,Under way using engine
2026-08-21T01:29:04Z,219002177,54.935950,11.372012,0.0,Under way using engine
2026-08-21T01:29:30Z,219000811,54.916075,11.359958,0.0,Under way using engine
2026-08-21T01:29:34Z,219002177,54.935960,11.372010,0.0,Under way using engine
2026-08-21T01:30:00Z,219000811,54.916073,11.359958,0.0,Under way using engine
2026-08-21T01:30:04Z,219002177,54.935953,11.372005,0.0,Under way using engine
2026-08-21T01:30:30Z,219000811,54.916073,11.359958,0.0,Under way using engine
2026-08-21T01:30:37Z,219000809,54.971927,11.514572,0.0,Moored
2026-08-21T01:30:45Z,219002177,54.935960,11.371998,0.0,Under way using engine
2026-08-21T01:31:00Z,219000811,54.916072,11.359955,0.0,Under way using engine
2026-08-21T01:31:25Z,219002177,54.935957,11.372005,0.0,Under way using engine
2026-08-21T01:31:30Z,219000811,54.916072,11.359957,0.0,Under way using engine
2026-08-21T01:31:55Z,219002177,54.935958,11.372008,0.0,Under way using engine
2026-08-21T01:32:00Z,219000811,54.916070,11.359957,0.0,Under way using engine
2026-08-21T01:32:25Z,219002177,54.935968,11.372008,0.0,Under way using engine
2026-08-21T01:32:30Z,219000811,54.916070,11.359957,0.0,Under way using engine
2026-08-21T01:32:55Z,219002177,54.935963,11.372013,0.0,Under way using engine
2026-08-21T01:33:00Z,219000811,54.916072,11.359957,0.0,Under way using engine
2026-08-21T01:33:05Z,219000809,54.971927,11.514572,0.0,Moored
2026-08-21T01:33:30Z,219000811,54.916073,11.359957,0.0,Under way using engine
2026-08-21T01:33:33Z,219002177,54.935975,11.371998,0.0,Under way using engine
2026-08-21T01:33:37Z,219000809,54.971933,11.514590,0.0,Moored
2026-08-21T01:34:00Z,219000811,54.916070,11.359957,0.0,Under way using engine
2026-08-21T01:34:04Z,219002177,54.935977,11.372010,0.0,Under way using engine
2026-08-21T01:34:30Z,219000811,54.916068,11.359957,0.0,Under way using engine
2026-08-21T01:34:44Z,219002177,54.935988,11.371980,0.0,Under way using engine
2026-08-21T01:35:00Z,219000811,54.916068,11.359955,0.0,Under way using engine
2026-08-21T01:35:14Z,219002177,54.935987,11.371980,0.0,Under way using engine
2026-08-21T01:35:30Z,219000811,54.916070,11.359952,0.0,Under way using engine
2026-08-21T01:35:45Z,219002177,54.935970,11.371998,0.0,Under way using engine
2026-08-21T01:36:00Z,219000811,54.916070,11.359948,0.0,Under way using engine
2026-08-21T01:36:24Z,219002177,54.935953,11.372007,0.0,Under way using engine
2026-08-21T01:36:30Z,219000811,54.916072,11.359948,0.0,Under way using engine
2026-08-21T01:36:40Z,219000809,54.971912,11.514567,0.0,Moored
2026-08-21T01:36:55Z,219002177,54.935953,11.372005,0.0,Under way using engine
2026-08-21T01:37:00Z,219000811,54.916072,11.359948,0.0,Under way using engine
2026-08-21T01:37:30Z,219000811,54.916070,11.359950,0.0,Under way using engine
2026-08-21T01:37:35Z,219002177,54.935973,11.372012,0.0,Under way using engine
2026-08-21T01:38:00Z,219000811,54.916070,11.359953,0.0,Under way using engine
2026-08-21T01:38:14Z,219002177,54.935977,11.372012,0.0,Under way using engine
2026-08-21T01:38:30Z,219000811,54.916068,11.359958,0.0,Under way using engine
2026-08-21T01:38:44Z,219002177,54.935972,11.372002,0.0,Under way using engine
2026-08-21T01:39:00Z,219000811,54.916068,11.359958,0.0,Under way using engine
2026-08-21T01:39:05Z,219000809,54.971912,11.514567,0.0,Moored
2026-08-21T01:39:14Z,219002177,54.935972,11.371965,0.0,Under way using engine
2026-08-21T01:39:30Z,219000811,54.916067,11.359957,0.0,Under way using engine
2026-08-21T01:39:39Z,219000809,54.971928,11.514617,0.0,Moored
2026-08-21T01:39:44Z,219002177,54.935968,11.371983,0.0,Under way using engine
2026-08-21T01:40:00Z,219000811,54.916063,11.359958,0.0,Under way using engine
2026-08-21T01:40:15Z,219002177,54.935970,11.371993,0.0,Under way using engine
2026-08-21T01:40:30Z,219000811,54.916060,11.359963,0.0,Under way using engine
2026-08-21T01:40:54Z,219002177,54.935963,11.372023,0.0,Under way using engine
2026-08-21T01:41:10Z,219000811,54.916058,11.359965,0.0,Under way using engine
2026-08-21T01:41:35Z,219002177,54.935970,11.372012,0.0,Under way using engine
2026-08-21T01:41:49Z,219000811,54.916057,11.359965,0.0,Under way using engine
2026-08-21T01:42:15Z,219002177,54.935967,11.372047,0.0,Under way using engine
2026-08-21T01:42:19Z,219000811,54.916055,11.359968,0.0,Under way using engine
2026-08-21T01:42:37Z,219000809,54.971918,11.514588,0.0,Moored
2026-08-21T01:42:50Z,219000811,54.916057,11.359968,0.0,Under way using engine
2026-08-21T01:42:54Z,219002177,54.935965,11.372030,0.0,Under way using engine
2026-08-21T01:43:24Z,219002177,54.935973,11.372017,0.0,Under way using engine
2026-08-21T01:43:29Z,219000811,54.916057,11.359968,0.0,Under way using engine
2026-08-21T01:43:54Z,219002177,54.935972,11.372007,0.0,Under way using engine
2026-08-21T01:44:10Z,219000811,54.916055,11.359968,0.0,Under way using engine
2026-08-21T01:44:24Z,219002177,54.935973,11.372030,0.0,Under way using engine
2026-08-21T01:44:50Z,219000811,54.916057,11.359970,0.0,Under way using engine
2026-08-21T01:44:54Z,219002177,54.935967,11.372025,0.0,Under way using engine
2026-08-21T01:45:05Z,219000809,54.971918,11.514588,0.0,Moored
2026-08-21T01:45:20Z,219000811,54.916058,11.359967,0.0,Under way using engine
2026-08-21T01:45:24Z,219002177,54.935963,11.372000,0.0,Under way using engine
2026-08-21T01:45:38Z,219000809,54.971895,11.514567,0.0,Moored
2026-08-21T01:45:50Z,219000811,54.916060,11.359965,0.0,Under way using engine
2026-08-21T01:45:54Z,219002177,54.935972,11.372007,0.0,Under way using engine
2026-08-21T01:46:20Z,219000811,54.916063,11.359967,0.0,Under way using engine
2026-08-21T01:46:24Z,219002177,54.935958,11.371995,0.0,Under way using engine
2026-08-21T01:46:50Z,219000811,54.916065,11.359967,0.0,Under way using engine
2026-08-21T01:46:54Z,219002177,54.935963,11.372005,0.0,Under way using engine
2026-08-21T01:47:20Z,219000811,54.916065,11.359963,0.0,Under way using engine
2026-08-21T01:47:24Z,219002177,54.935968,11.372008,0.0,Under way using engine
2026-08-21T01:47:50Z,219000811,54.916063,11.359962,0.0,Under way using engine
2026-08-21T01:47:54Z,219002177,54.935970,11.372020,0.0,Under way using engine
2026-08-21T01:48:20Z,219000811,54.916065,11.359960,0.0,Under way using engine
2026-08-21T01:48:24Z,219002177,54.935963,11.371995,0.0,Under way using engine
2026-08-21T01:48:39Z,219000809,54.971925,11.514587,0.0,Moored
2026-08-21T01:48:54Z,219002177,54.935970,11.372007,0.0,Under way using engine
2026-08-21T01:48:59Z,219000811,54.916063,11.359960,0.0,Under way using engine
2026-08-21T01:49:24Z,219002177,54.935978,11.372022,0.1,Under way using engine
2026-08-21T01:49:38Z,219000811,54.916057,11.359958,0.0,Under way using engine
2026-08-21T01:49:54Z,219002177,54.935992,11.372030,0.0,Under way using engine
2026-08-21T01:50:09Z,219000811,54.916053,11.359962,0.0,Under way using engine
2026-08-21T01:50:24Z,219002177,54.935982,11.372007,0.0,Under way using engine
2026-08-21T01:50:49Z,219000811,54.916053,11.359965,0.0,Under way using engine
2026-08-21T01:50:54Z,219002177,54.935990,11.372005,0.0,Under way using engine
2026-08-21T01:51:05Z,219000809,54.971925,11.514587,0.0,Moored
2026-08-21T01:51:20Z,219000811,54.916053,11.359967,0.0,Under way using engine
2026-08-21T01:51:24Z,219002177,54.935968,11.372013,0.0,Under way using engine
2026-08-21T01:51:38Z,219000809,54.971957,11.514615,0.0,Moored
2026-08-21T01:51:54Z,219002177,54.935958,11.372025,0.0,Under way using engine
2026-08-21T01:51:59Z,219000811,54.916055,11.359968,0.0,Under way using engine
2026-08-21T01:52:24Z,219002177,54.935948,11.372003,0.0,Under way using engine
2026-08-21T01:52:30Z,219000811,54.916055,11.359968,0.0,Under way using engine
2026-08-21T01:52:54Z,219002177,54.935950,11.372002,0.0,Under way using engine
2026-08-21T01:53:09Z,219000811,54.916055,11.359968,0.0,Under way using engine
2026-08-21T01:53:24Z,219002177,54.935943,11.372002,0.0,Under way using engine
2026-08-21T01:53:40Z,219000811,54.916057,11.359967,0.0,Under way using engine
2026-08-21T01:54:04Z,219002177,54.935957,11.372025,0.0,Under way using engine
2026-08-21T01:54:20Z,219000811,54.916057,11.359965,0.0,Under way using engine
2026-08-21T01:54:34Z,219002177,54.935960,11.372020,0.0,Under way using engine
2026-08-21T01:54:38Z,219000809,54.971910,11.514560,0.0,Moored
2026-08-21T01:54:59Z,219000811,54.916058,11.359962,0.0,Under way using engine
2026-08-21T01:55:04Z,219002177,54.935968,11.372022,0.0,Under way using engine
2026-08-21T01:55:30Z,219000811,54.916060,11.359960,0.0,Under way using engine
2026-08-21T01:55:35Z,219002177,54.935967,11.371973,0.0,Under way using engine
2026-08-21T01:56:09Z,219000811,54.916063,11.359962,0.0,Under way using engine
2026-08-21T01:56:14Z,219002177,54.935970,11.372018,0.0,Under way using engine
2026-08-21T01:56:40Z,219000811,54.916063,11.359960,0.0,Under way using engine
2026-08-21T01:56:44Z,219002177,54.935965,11.372008,0.0,Under way using engine
2026-08-21T01:57:05Z,219000809,54.971910,11.514560,0.0,Moored
2026-08-21T01:57:14Z,219002177,54.935970,11.371995,0.0,Under way using engine
2026-08-21T01:57:19Z,219000811,54.916063,11.359958,0.0,Under way using engine
2026-08-21T01:57:39Z,219000809,54.971922,11.514560,0.0,Moored
2026-08-21T01:57:44Z,219002177,54.935953,11.372035,0.0,Under way using engine
2026-08-21T01:57:49Z,219000811,54.916063,11.359960,0.0,Under way using engine
2026-08-21T01:58:14Z,219002177,54.935948,11.372018,0.0,Under way using engine
2026-08-21T01:58:19Z,219000811,54.916067,11.359962,0.0,Under way using engine
2026-08-21T01:58:44Z,219002177,54.935953,11.372015,0.0,Under way using engine
2026-08-21T01:58:49Z,219000811,54.916068,11.359962,0.0,Under way using engine
2026-08-21T01:59:14Z,219002177,54.935968,11.371982,0.0,Under way using engine
2026-08-21T01:59:19Z,219000811,54.916070,11.359958,0.0,Under way using engine
2026-08-21T01:59:45Z,219002177,54.935953,11.371998,0.0,Under way using engine
2026-08-21T01:59:49Z,219000811,54.916070,11.359960,0.0,Under way using engine
2026-08-21T02:00:19Z,219000811,54.916068,11.359960,0.0,Under way using engine
2026-08-21T02:00:34Z,219002177,54.935950,11.372003,0.0,Under way using engine
2026-08-21T02:00:37Z,219000809,54.971912,11.514533,0.0,Moored
2026-08-21T02:00:49Z,219000811,54.916072,11.359957,0.0,Under way using engine
2026-08-21T02:01:14Z,219002177,54.935955,11.371988,0.0,Under way using engine
2026-08-21T02:01:19Z,219000811,54.916070,11.359955,0.0,Under way using engine
2026-08-21T02:01:45Z,219002177,54.935953,11.371973,0.0,Under way using engine
2026-08-21T02:01:49Z,219000811,54.916067,11.359957,0.0,Under way using engine
2026-08-21T02:02:20Z,219000811,54.916065,11.359955,0.0,Under way using engine
2026-08-21T02:02:34Z,219002177,54.935943,11.372035,0.0,Under way using engine
2026-08-21T02:03:00Z,219000811,54.916062,11.359958,0.0,Under way using engine
2026-08-21T02:03:04Z,219002177,54.935952,11.372013,0.0,Under way using engine
2026-08-21T02:03:05Z,219000809,54.971912,11.514533,0.0,Moored
2026-08-21T02:03:34Z,219002177,54.935948,11.372012,0.0,Under way using engine
2026-08-21T02:03:40Z,219000809,54.971913,11.514548,0.0,Moored
2026-08-21T02:03:40Z,219000811,54.916062,11.359965,0.0,Under way using engine
2026-08-21T02:04:10Z,219000811,54.916062,11.359967,0.0,Under way using engine
2026-08-21T02:04:13Z,219002177,54.935963,11.371990,0.0,Under way using engine
2026-08-21T02:04:44Z,219002177,54.935957,11.372000,0.0,Under way using engine
2026-08-21T02:04:50Z,219000811,54.916063,11.359970,0.0,Under way using engine
2026-08-21T02:05:20Z,219000811,54.916062,11.359972,0.0,Under way using engine
2026-08-21T02:05:25Z,219002177,54.935953,11.372017,0.0,Under way using engine
2026-08-21T02:05:50Z,219000811,54.916060,11.359975,0.0,Under way using engine
2026-08-21T02:06:05Z,219002177,54.935960,11.372002,0.0,Under way using engine
2026-08-21T02:06:20Z,219000811,54.916060,11.359978,0.0,Under way using engine
2026-08-21T02:06:35Z,219002177,54.935958,11.371998,0.0,Under way using engine
2026-08-21T02:06:39Z,219000809,54.971912,11.514565,0.0,Moored
2026-08-21T02:06:50Z,219000811,54.916060,11.359977,0.0,Under way using engine
2026-08-21T02:07:05Z,219002177,54.935960,11.371975,0.0,Under way using engine
2026-08-21T02:07:20Z,219000811,54.916062,11.359975,0.0,Under way using engine
2026-08-21T02:07:35Z,219002177,54.935957,11.371985,0.0,Under way using engine
2026-08-21T02:07:58Z,219000811,54.916062,11.359972,0.0,Under way using engine
2026-08-21T02:08:05Z,219002177,54.935947,11.371993,0.0,Under way using engine
2026-08-21T02:08:30Z,219000811,54.916063,11.359968,0.0,Under way using engine
2026-08-21T02:08:35Z,219002177,54.935953,11.371993,0.0,Under way using engine
2026-08-21T02:09:05Z,219000809,54.971912,11.514565,0.0,Moored
2026-08-21T02:09:05Z,219002177,54.935950,11.371987,0.0,Under way using engine
2026-08-21T02:09:08Z,219000811,54.916065,11.359968,0.0,Under way using engine
2026-08-21T02:09:39Z,219000809,54.971920,11.514558,0.0,Moored
2026-08-21T02:09:39Z,219000811,54.916067,11.359968,0.0,Under way using engine
2026-08-21T02:09:44Z,219002177,54.935955,11.371972,0.0,Under way using engine
2026-08-21T02:10:14Z,219002177,54.935947,11.371988,0.0,Under way using engine
2026-08-21T02:10:19Z,219000811,54.916063,11.359968,0.0,Under way using engine
2026-08-21T02:10:44Z,219002177,54.935958,11.372003,0.0,Under way using engine
2026-08-21T02:10:49Z,219000811,54.916062,11.359968,0.0,Under way using engine
2026-08-21T02:11:14Z,219002177,54.935960,11.372000,0.0,Under way using engine
2026-08-21T02:11:19Z,219000811,54.916062,11.359973,0.0,Under way using engine
2026-08-21T02:11:44Z,219002177,54.935960,11.372020,0.0,Under way using engine
2026-08-21T02:11:49Z,219000811,54.916063,11.359977,0.0,Under way using engine
2026-08-21T02:12:14Z,219002177,54.935957,11.371998,0.0,Under way using engine
2026-08-21T02:12:20Z,219000811,54.916065,11.359977,0.0,Under way using engine
2026-08-21T02:12:37Z,219000809,54.971928,11.514557,0.0,Moored
2026-08-21T02:12:45Z,219002177,54.935960,11.371998,0.0,Under way using engine
2026-08-21T02:12:59Z,219000811,54.916067,11.359973,0.0,Under way using engine
2026-08-21T02:13:23Z,219002177,54.935957,11.371987,0.0,Under way using engine
2026-08-21T02:13:39Z,219000811,54.916068,11.359970,0.0,Under way using engine
2026-08-21T02:13:55Z,219002177,54.935955,11.371982,0.0,Under way using engine
2026-08-21T02:14:09Z,219000811,54.916070,11.359965,0.0,Under way using engine
2026-08-21T02:14:34Z,219002177,54.935945,11.371980,0.0,Under way using engine
2026-08-21T02:14:39Z,219000811,54.916070,11.359958,0.0,Under way using engine
2026-08-21T02:15:04Z,219002177,54.935953,11.371978,0.0,Under way using engine
2026-08-21T02:15:05Z,219000809,54.971928,11.514557,0.0,Moored
2026-08-21T02:15:09Z,219000811,54.916072,11.359957,0.0,Under way using engine
2026-08-21T02:15:37Z,219000809,54.971925,11.514552,0.0,Moored
2026-08-21T02:15:39Z,219000811,54.916073,11.359960,0.0,Under way using engine
2026-08-21T02:15:45Z,219002177,54.935958,11.371988,0.0,Under way using engine
2026-08-21T02:16:09Z,219000811,54.916072,11.359963,0.0,Under way using engine
2026-08-21T02:16:24Z,219002177,54.935972,11.372002,0.0,Under way using engine
2026-08-21T02:16:39Z,219000811,54.916070,11.359965,0.0,Under way using engine
2026-08-21T02:16:55Z,219002177,54.935970,11.371995,0.0,Under way using engine
2026-08-21T02:17:09Z,219000811,54.916068,11.359965,0.0,Under way using engine
2026-08-21T02:17:33Z,219002177,54.935962,11.371987,0.0,Under way using engine
2026-08-21T02:17:39Z,219000811,54.916067,11.359968,0.0,Under way using engine
2026-08-21T02:18:05Z,219002177,54.935972,11.372013,0.0,Under way using engine
2026-08-21T02:18:09Z,219000811,54.916067,11.359970,0.0,Under way using engine
2026-08-21T02:18:39Z,219000809,54.971917,11.514558,0.0,Moored
2026-08-21T02:18:39Z,219000811,54.916065,11.359973,0.0,Under way using engine
2026-08-21T02:18:44Z,219002177,54.935973,11.371990,0.0,Under way using engine
2026-08-21T02:19:09Z,219000811,54.916065,11.359972,0.0,Under way using engine
2026-08-21T02:19:24Z,219002177,54.935972,11.371985,0.0,Under way using engine
2026-08-21T02:19:39Z,219000811,54.916065,11.359973,0.0,Under way using engine
2026-08-21T02:19:54Z,219002177,54.935968,11.371982,0.0,Under way using engine
2026-08-21T02:20:09Z,219000811,54.916063,11.359977,0.0,Under way using engine
2026-08-21T02:20:24Z,219002177,54.935972,11.371967,0.0,Under way using engine
2026-08-21T02:20:39Z,219000811,54.916063,11.359977,0.0,Under way using engine
2026-08-21T02:20:54Z,219002177,54.935965,11.371962,0.0,Under way using engine
2026-08-21T02:21:05Z,219000809,54.971917,11.514558,0.0,Moored
2026-08-21T02:21:09Z,219000811,54.916063,11.359975,0.0,Under way using engine
2026-08-21T02:21:24Z,219002177,54.935967,11.371970,0.0,Under way using engine
2026-08-21T02:21:38Z,219000809,54.971907,11.514563,0.0,Moored
2026-08-21T02:21:39Z,219000811,54.916062,11.359973,0.0,Under way using engine
2026-08-21T02:21:54Z,219002177,54.935972,11.371988,0.0,Under way using engine
2026-08-21T02:22:10Z,219000811,54.916060,11.359972,0.0,Under way using engine
2026-08-21T02:22:24Z,219002177,54.935970,11.371975,0.0,Under way using engine
2026-08-21T02:22:50Z,219000811,54.916058,11.359970,0.0,Under way using engine
2026-08-21T02:22:54Z,219002177,54.935958,11.371968,0.0,Under way using engine
2026-08-21T02:23:24Z,219002177,54.935962,11.371948,0.0,Under way using engine
2026-08-21T02:23:29Z,219000811,54.916057,11.359970,0.0,Under way using engine
2026-08-21T02:23:54Z,219002177,54.935958,11.371967,0.0,Under way using engine
2026-08-21T02:23:59Z,219000811,54.916057,11.359972,0.0,Under way using engine
2026-08-21T02:24:25Z,219002177,54.935960,11.371975,0.0,Under way using engine
2026-08-21T02:24:29Z,219000811,54.916057,11.359973,0.0,Under way using engine
2026-08-21T02:24:40Z,219000809,54.971902,11.514563,0.0,Moored
2026-08-21T02:24:59Z,219000811,54.916058,11.359977,0.0,Under way using engine
2026-08-21T02:25:05Z,219002177,54.935962,11.371973,0.0,Under way using engine
2026-08-21T02:25:29Z,219000811,54.916060,11.359978,0.0,Under way using engine
2026-08-21T02:25:43Z,219002177,54.935960,11.371967,0.0,Under way using engine
2026-08-21T02:25:59Z,219000811,54.916063,11.359980,0.0,Under way using engine
2026-08-21T02:26:13Z,219002177,54.935953,11.371978,0.0,Under way using engine
2026-08-21T02:26:29Z,219000811,54.916063,11.359980,0.0,Under way using engine
2026-08-21T02:26:44Z,219002177,54.935962,11.371978,0.0,Under way using engine
2026-08-21T02:26:59Z,219000811,54.916063,11.359978,0.0,Under way using engine
2026-08-21T02:27:05Z,219000809,54.971902,11.514563,0.0,Moored
2026-08-21T02:27:25Z,219002177,54.935968,11.371972,0.0,Under way using engine
2026-08-21T02:27:30Z,219000811,54.916063,11.359978,0.0,Under way using engine
2026-08-21T02:27:39Z,219000809,54.971907,11.514567,0.0,Moored
2026-08-21T02:28:00Z,219000811,54.916063,11.359977,0.0,Under way using engine
2026-08-21T02:28:04Z,219002177,54.935968,11.371962,0.0,Under way using engine
2026-08-21T02:28:30Z,219000811,54.916062,11.359972,0.0,Under way using engine
2026-08-21T02:28:34Z,219002177,54.935972,11.371963,0.0,Under way using engine
2026-08-21T02:29:00Z,219000811,54.916062,11.359972,0.0,Under way using engine
2026-08-21T02:29:13Z,219002177,54.935967,11.371968,0.0,Under way using engine
2026-08-21T02:29:30Z,219000811,54.916062,11.359970,0.0,Under way using engine
2026-08-21T02:29:44Z,219002177,54.935975,11.371967,0.0,Under way using engine
2026-08-21T02:30:00Z,219000811,54.916063,11.359970,0.0,Under way using engine
2026-08-21T02:30:25Z,219002177,54.935983,11.371970,0.0,Under way using engine
2026-08-21T02:30:30Z,219000811,54.916063,11.359968,0.0,Under way using engine
2026-08-21T02:31:00Z,219000811,54.916067,11.359968,0.0,Under way using engine
2026-08-21T02:31:13Z,219002177,54.935980,11.371963,0.0,Under way using engine
2026-08-21T02:31:30Z,219000811,54.916067,11.359967,0.0,Under way using engine
2026-08-21T02:31:44Z,219002177,54.935958,11.371970,0.0,Under way using engine
2026-08-21T02:32:00Z,219000811,54.916063,11.359963,0.0,Under way using engine
2026-08-21T02:32:15Z,219002177,54.935960,11.371970,0.0,Under way using engine
2026-08-21T02:32:30Z,219000811,54.916063,11.359962,0.0,Under way using engine
2026-08-21T02:32:55Z,219002177,54.935968,11.371983,0.0,Under way using engine
2026-08-21T02:33:05Z,219000809,54.971907,11.514567,0.0,Moored
2026-08-21T02:33:08Z,219000811,54.916062,11.359960,0.0,Under way using engine
2026-08-21T02:33:25Z,219002177,54.935975,11.371977,0.0,Under way using engine
2026-08-21T02:33:40Z,219000809,54.971910,11.514575,0.0,Moored
2026-08-21T02:33:40Z,219000811,54.916060,11.359955,0.0,Under way using engine
2026-08-21T02:33:55Z,219002177,54.935968,11.371978,0.0,Under way using engine
2026-08-21T02:34:20Z,219000811,54.916060,11.359953,0.0,Under way using engine
2026-08-21T02:34:25Z,219002177,54.935975,11.371987,0.0,Under way using engine
2026-08-21T02:34:50Z,219000811,54.916063,11.359955,0.0,Under way using engine
2026-08-21T02:34:55Z,219002177,54.935982,11.371995,0.0,Under way using engine
2026-08-21T02:35:20Z,219000811,54.916065,11.359957,0.0,Under way using engine
2026-08-21T02:35:25Z,219002177,54.935973,11.371990,0.0,Under way using engine
2026-08-21T02:35:50Z,219000811,54.916065,11.359958,0.0,Under way using engine
2026-08-21T02:35:55Z,219002177,54.935968,11.371983,0.0,Under way using engine
2026-08-21T02:36:20Z,219000811,54.916063,11.359958,0.0,Under way using engine
2026-08-21T02:36:25Z,219002177,54.935970,11.371993,0.0,Under way using engine
2026-08-21T02:36:40Z,219000809,54.971920,11.514588,0.0,Moored
2026-08-21T02:36:50Z,219000811,54.916063,11.359958,0.0,Under way using engine
2026-08-21T02:36:55Z,219002177,54.935970,11.371995,0.1,Under way using engine
2026-08-21T02:37:20Z,219000811,54.916062,11.359958,0.0,Under way using engine
2026-08-21T02:37:25Z,219002177,54.935960,11.371973,0.0,Under way using engine
2026-08-21T02:37:50Z,219000811,54.916060,11.359958,0.0,Under way using engine
2026-08-21T02:37:55Z,219002177,54.935962,11.371973,0.0,Under way using engine
2026-08-21T02:38:20Z,219000811,54.916060,11.359960,0.0,Under way using engine
2026-08-21T02:38:25Z,219002177,54.935960,11.371980,0.0,Under way using engine
2026-08-21T02:38:50Z,219000811,54.916060,11.359962,0.0,Under way using engine
2026-08-21T02:38:55Z,219002177,54.935963,11.371985,0.0,Under way using engine
2026-08-21T02:39:05Z,219000809,54.971920,11.514588,0.0,Moored
2026-08-21T02:39:25Z,219002177,54.935962,11.371983,0.0,Under way using engine
2026-08-21T02:39:29Z,219000811,54.916060,11.359963,0.0,Under way using engine
2026-08-21T02:39:37Z,219000809,54.971920,11.514573,0.0,Moored
2026-08-21T02:39:55Z,219002177,54.935963,11.371990,0.0,Under way using engine
2026-08-21T02:39:59Z,219000811,54.916060,11.359962,0.0,Under way using engine
2026-08-21T02:40:29Z,219000811,54.916058,11.359960,0.0,Under way using engine
2026-08-21T02:40:33Z,219002177,54.935967,11.371993,0.0,Under way using engine
2026-08-21T02:40:59Z,219000811,54.916057,11.359962,0.0,Under way using engine
2026-08-21T02:41:04Z,219002177,54.935965,11.371985,0.0,Under way using engine
2026-08-21T02:41:29Z,219000811,54.916053,11.359963,0.0,Under way using engine
2026-08-21T02:41:44Z,219002177,54.935958,11.371980,0.0,Under way using engine
2026-08-21T02:41:59Z,219000811,54.916053,11.359963,0.0,Under way using engine
2026-08-21T02:42:15Z,219002177,54.935957,11.371985,0.0,Under way using engine
2026-08-21T02:42:29Z,219000811,54.916050,11.359965,0.0,Under way using engine
2026-08-21T02:42:38Z,219000809,54.971907,11.514567,0.0,Moored
2026-08-21T02:42:55Z,219002177,54.935957,11.371983,0.0,Under way using engine
2026-08-21T02:42:59Z,219000811,54.916048,11.359965,0.0,Under way using engine
2026-08-21T02:43:30Z,219000811,54.916050,11.359968,0.0,Under way using engine
2026-08-21T02:43:33Z,219002177,54.935958,11.371982,0.0,Under way using engine
2026-08-21T02:44:04Z,219002177,54.935957,11.371987,0.0,Under way using engine
2026-08-21T02:44:10Z,219000811,54.916053,11.359968,0.0,Under way using engine
2026-08-21T02:44:40Z,219000811,54.916060,11.359970,0.0,Under way using engine
2026-08-21T02:44:44Z,219002177,54.935953,11.372000,0.0,Under way using engine
2026-08-21T02:45:05Z,219000809,54.971907,11.514567,0.0,Moored
2026-08-21T02:45:10Z,219000811,54.916062,11.359972,0.0,Under way using engine
2026-08-21T02:45:14Z,219002177,54.935955,11.372000,0.0,Under way using engine
2026-08-21T02:45:38Z,219000809,54.971922,11.514575,0.0,Moored
2026-08-21T02:45:40Z,219000811,54.916063,11.359975,0.0,Under way using engine
2026-08-21T02:45:44Z,219002177,54.935960,11.371995,0.0,Under way using engine
2026-08-21T02:46:10Z,219000811,54.916067,11.359975,0.0,Under way using engine
2026-08-21T02:46:14Z,219002177,54.935963,11.371997,0.0,Under way using engine
2026-08-21T02:46:40Z,219000811,54.916068,11.359977,0.0,Under way using engine
2026-08-21T02:46:44Z,219002177,54.935960,11.371990,0.0,Under way using engine
2026-08-21T02:47:10Z,219000811,54.916070,11.359975,0.0,Under way using engine
2026-08-21T02:47:14Z,219002177,54.935960,11.371982,0.0,Under way using engine
2026-08-21T02:47:40Z,219000811,54.916072,11.359975,0.0,Under way using engine
2026-08-21T02:47:55Z,219002177,54.935958,11.371987,0.0,Under way using engine
2026-08-21T02:48:10Z,219000811,54.916070,11.359973,0.0,Under way using engine
2026-08-21T02:48:35Z,219002177,54.935977,11.371958,0.0,Under way using engine
2026-08-21T02:48:36Z,219000809,54.971907,11.514582,0.0,Moored
2026-08-21T02:48:49Z,219000811,54.916068,11.359970,0.0,Under way using engine
2026-08-21T02:49:14Z,219002177,54.935963,11.371968,0.0,Under way using engine
2026-08-21T02:49:19Z,219000811,54.916068,11.359968,0.0,Under way using engine
2026-08-21T02:49:55Z,219002177,54.935958,11.371972,0.0,Under way using engine
2026-08-21T02:49:59Z,219000811,54.916067,11.359967,0.0,Under way using engine
2026-08-21T02:50:25Z,219002177,54.935958,11.371993,0.0,Under way using engine
2026-08-21T02:50:30Z,219000811,54.916067,11.359968,0.0,Under way using engine
2026-08-21T02:50:55Z,219002177,54.935965,11.372002,0.0,Under way using engine
2026-08-21T02:51:05Z,219000809,54.971907,11.514582,0.0,Moored
2026-08-21T02:51:09Z,219000811,54.916065,11.359967,0.0,Under way using engine
2026-08-21T02:51:25Z,219002177,54.935957,11.371988,0.0,Under way using engine
2026-08-21T02:51:38Z,219000809,54.971910,11.514573,0.0,Moored
2026-08-21T02:51:40Z,219000811,54.916065,11.359967,0.0,Under way using engine
2026-08-21T02:51:55Z,219002177,54.935963,11.372000,0.0,Under way using engine
2026-08-21T02:52:19Z,219000811,54.916060,11.359965,0.0,Under way using engine
2026-08-21T02:52:25Z,219002177,54.935973,11.372007,0.0,Under way using engine
2026-08-21T02:52:55Z,219002177,54.935973,11.371998,0.0,Under way using engine
2026-08-21T02:52:59Z,219000811,54.916058,11.359962,0.0,Under way using engine
2026-08-21T02:53:25Z,219002177,54.935977,11.371988,0.0,Under way using engine
2026-08-21T02:53:30Z,219000811,54.916058,11.359960,0.0,Under way using engine
2026-08-21T02:53:55Z,219002177,54.935980,11.371987,0.0,Under way using engine
2026-08-21T02:54:19Z,219000811,54.916058,11.359958,0.0,Under way using engine
2026-08-21T02:54:25Z,219002177,54.935977,11.372002,0.0,Under way using engine
2026-08-21T02:54:38Z,219000809,54.971917,11.514588,0.0,Moored
2026-08-21T02:54:55Z,219002177,54.935975,11.371998,0.0,Under way using engine
2026-08-21T02:54:59Z,219000811,54.916058,11.359962,0.0,Under way using engine
2026-08-21T02:55:25Z,219002177,54.935965,11.372000,0.0,Under way using engine
2026-08-21T02:55:30Z,219000811,54.916058,11.359962,0.0,Under way using engine
2026-08-21T02:55:55Z,219002177,54.935967,11.371988,0.0,Under way using engine
2026-08-21T02:56:09Z,219000811,54.916055,11.359965,0.0,Under way using engine
2026-08-21T02:56:25Z,219002177,54.935968,11.371990,0.0,Under way using engine
2026-08-21T02:56:40Z,219000811,54.916055,11.359967,0.0,Under way using engine
2026-08-21T02:56:55Z,219002177,54.935970,11.371978,0.0,Under way using engine
2026-08-21T02:57:05Z,219000809,54.971917,11.514588,0.0,Moored
2026-08-21T02:57:19Z,219000811,54.916055,11.359965,0.0,Under way using engine
2026-08-21T02:57:35Z,219002177,54.935960,11.371992,0.0,Under way using engine
2026-08-21T02:57:39Z,219000809,54.971910,11.514578,0.0,Moored
2026-08-21T02:57:50Z,219000811,54.916055,11.359965,0.0,Under way using engine
2026-08-21T02:58:14Z,219002177,54.935960,11.372008,0.0,Under way using engine
2026-08-21T02:58:20Z,219000811,54.916055,11.359967,0.0,Under way using engine
2026-08-21T02:58:45Z,219002177,54.935973,11.371987,0.0,Under way using engine
2026-08-21T02:58:50Z,219000811,54.916058,11.359965,0.0,Under way using engine
2026-08-21T02:59:20Z,219000811,54.916062,11.359963,0.0,Under way using engine
2026-08-21T02:59:24Z,219002177,54.935965,11.371998,0.0,Under way using engine
2026-08-21T02:59:50Z,219000811,54.916065,11.359963,0.0,Under way using engine
2026-08-21T02:59:55Z,219002177,54.935972,11.372005,0.0,Under way using engine
2026-08-21T03:00:20Z,219000811,54.916068,11.359963,0.0,Under way using engine
2026-08-21T03:00:35Z,219002177,54.935965,11.371983,0.0,Under way using engine
2026-08-21T03:00:37Z,219000809,54.971908,11.514598,0.0,Moored
2026-08-21T03:00:50Z,219000811,54.916072,11.359963,0.0,Under way using engine
2026-08-21T03:01:14Z,219002177,54.935963,11.371983,0.0,Under way using engine
2026-08-21T03:01:20Z,219000811,54.916073,11.359962,0.0,Under way using engine
2026-08-21T03:01:45Z,219002177,54.935973,11.371997,0.0,Under way using engine
2026-08-21T03:01:50Z,219000811,54.916072,11.359962,0.0,Under way using engine
2026-08-21T03:02:20Z,219000811,54.916072,11.359962,0.0,Under way using engine
2026-08-21T03:02:24Z,219002177,54.935970,11.371985,0.0,Under way using engine
2026-08-21T03:02:50Z,219000811,54.916070,11.359962,0.0,Under way using engine
2026-08-21T03:02:55Z,219002177,54.935968,11.371992,0.0,Under way using engine
2026-08-21T03:03:05Z,219000809,54.971908,11.514598,0.0,Moored
2026-08-21T03:03:20Z,219000811,54.916068,11.359962,0.0,Under way using engine
2026-08-21T03:03:35Z,219002177,54.935952,11.371990,0.0,Under way using engine
2026-08-21T03:03:38Z,219000809,54.971923,11.514603,0.0,Moored
2026-08-21T03:03:50Z,219000811,54.916067,11.359963,0.0,Under way using engine
2026-08-21T03:04:13Z,219002177,54.935965,11.371982,0.0,Under way using engine
2026-08-21T03:04:20Z,219000811,54.916065,11.359963,0.0,Under way using engine
2026-08-21T03:04:44Z,219002177,54.935960,11.371992,0.0,Under way using engine
2026-08-21T03:04:50Z,219000811,54.916065,11.359963,0.0,Under way using engine
2026-08-21T03:05:20Z,219000811,54.916065,11.359965,0.0,Under way using engine
2026-08-21T03:05:24Z,219002177,54.935963,11.371985,0.0,Under way using engine
2026-08-21T03:05:50Z,219000811,54.916067,11.359965,0.0,Under way using engine
2026-08-21T03:05:55Z,219002177,54.935957,11.371985,0.0,Under way using engine
2026-08-21T03:06:30Z,219000811,54.916065,11.359970,0.0,Under way using engine
2026-08-21T03:06:35Z,219002177,54.935953,11.372000,0.0,Under way using engine
2026-08-21T03:06:39Z,219000809,54.971903,11.514575,0.0,Moored
2026-08-21T03:07:10Z,219000811,54.916065,11.359972,0.0,Under way using engine
2026-08-21T03:07:13Z,219002177,54.935940,11.371993,0.0,Under way using engine
2026-08-21T03:07:40Z,219000811,54.916062,11.359973,0.0,Under way using engine
2026-08-21T03:07:44Z,219002177,54.935937,11.371995,0.0,Under way using engine
2026-08-21T03:08:10Z,219000811,54.916060,11.359973,0.0,Under way using engine
2026-08-21T03:08:24Z,219002177,54.935950,11.371975,0.0,Under way using engine
2026-08-21T03:08:49Z,219000811,54.916060,11.359972,0.0,Under way using engine
2026-08-21T03:08:54Z,219002177,54.935948,11.372003,0.0,Under way using engine
2026-08-21T03:09:05Z,219000809,54.971903,11.514575,0.0,Moored
2026-08-21T03:09:19Z,219000811,54.916055,11.359972,0.0,Under way using engine
2026-08-21T03:09:24Z,219002177,54.935952,11.372002,0.0,Under way using engine
2026-08-21T03:09:37Z,219000809,54.971918,11.514568,0.0,Moored
2026-08-21T03:09:49Z,219000811,54.916053,11.359970,0.0,Under way using engine
2026-08-21T03:09:54Z,219002177,54.935952,11.371997,0.0,Under way using engine
2026-08-21T03:10:19Z,219000811,54.916052,11.359970,0.0,Under way using engine
2026-08-21T03:10:24Z,219002177,54.935962,11.371985,0.0,Under way using engine
2026-08-21T03:10:49Z,219000811,54.916055,11.359978,0.0,Under way using engine
2026-08-21T03:11:03Z,219002177,54.935960,11.371990,0.0,Under way using engine
2026-08-21T03:11:19Z,219000811,54.916057,11.359980,0.0,Under way using engine
2026-08-21T03:11:34Z,219002177,54.935943,11.372027,0.0,Under way using engine
2026-08-21T03:11:49Z,219000811,54.916052,11.359977,0.0,Under way using engine
2026-08-21T03:12:15Z,219002177,54.935957,11.372012,0.0,Under way using engine
2026-08-21T03:12:19Z,219000811,54.916050,11.359973,0.0,Under way using engine
2026-08-21T03:12:49Z,219000811,54.916050,11.359975,0.0,Under way using engine
2026-08-21T03:12:53Z,219002177,54.935970,11.371988,0.0,Under way using engine
2026-08-21T03:13:19Z,219000811,54.916048,11.359973,0.0,Under way using engine
2026-08-21T03:13:24Z,219002177,54.935975,11.371997,0.0,Under way using engine
2026-08-21T03:13:49Z,219000811,54.916047,11.359972,0.0,Under way using engine
2026-08-21T03:14:04Z,219002177,54.935962,11.372007,0.0,Under way using engine
2026-08-21T03:14:19Z,219000811,54.916045,11.359970,0.0,Under way using engine
2026-08-21T03:14:34Z,219002177,54.935962,11.371993,0.0,Under way using engine
2026-08-21T03:14:49Z,219000811,54.916048,11.359970,0.0,Under way using engine
2026-08-21T03:15:04Z,219002177,54.935963,11.371977,0.0,Under way using engine
2026-08-21T03:15:05Z,219000809,54.971918,11.514568,0.0,Moored
2026-08-21T03:15:19Z,219000811,54.916048,11.359973,0.0,Under way using engine
2026-08-21T03:15:34Z,219002177,54.935947,11.372000,0.0,Under way using engine
2026-08-21T03:15:38Z,219000809,54.971917,11.514575,0.0,Moored
2026-08-21T03:15:49Z,219000811,54.916048,11.359973,0.0,Under way using engine
2026-08-21T03:16:04Z,219002177,54.935940,11.372005,0.0,Under way using engine
2026-08-21T03:16:19Z,219000811,54.916048,11.359977,0.0,Under way using engine
2026-08-21T03:16:34Z,219002177,54.935967,11.371980,0.0,Under way using engine
2026-08-21T03:16:49Z,219000811,54.916052,11.359983,0.0,Under way using engine
2026-08-21T03:17:04Z,219002177,54.935963,11.371968,0.0,Under way using engine
2026-08-21T03:17:29Z,219000811,54.916048,11.359977,0.0,Under way using engine
2026-08-21T03:17:34Z,219002177,54.935965,11.371965,0.0,Under way using engine
2026-08-21T03:17:59Z,219000811,54.916047,11.359973,0.0,Under way using engine
2026-08-21T03:18:04Z,219002177,54.935953,11.371983,0.0,Under way using engine
2026-08-21T03:18:29Z,219000811,54.916047,11.359972,0.0,Under way using engine
2026-08-21T03:18:34Z,219002177,54.935962,11.371990,0.0,Under way using engine
2026-08-21T03:18:39Z,219000809,54.971910,11.514563,0.0,Moored
2026-08-21T03:18:59Z,219000811,54.916048,11.359968,0.0,Under way using engine
2026-08-21T03:19:04Z,219002177,54.935952,11.372020,0.0,Under way using engine
2026-08-21T03:19:29Z,219000811,54.916052,11.359968,0.0,Under way using engine
2026-08-21T03:19:34Z,219002177,54.935948,11.372025,0.0,Under way using engine
2026-08-21T03:19:59Z,219000811,54.916055,11.359970,0.0,Under way using engine
2026-08-21T03:20:04Z,219002177,54.935955,11.372013,0.0,Under way using engine
2026-08-21T03:20:29Z,219000811,54.916060,11.359970,0.0,Under way using engine
2026-08-21T03:20:34Z,219002177,54.935952,11.372010,0.0,Under way using engine
2026-08-21T03:20:59Z,219000811,54.916062,11.359972,0.0,Under way using engine
2026-08-21T03:21:04Z,219002177,54.935948,11.372000,0.0,Under way using engine
2026-08-21T03:21:05Z,219000809,54.971910,11.514563,0.0,Moored
2026-08-21T03:21:29Z,219000811,54.916060,11.359968,0.0,Under way using engine
2026-08-21T03:21:34Z,219002177,54.935953,11.371965,0.0,Under way using engine
2026-08-21T03:21:39Z,219000809,54.971898,11.514575,0.0,Moored
2026-08-21T03:21:59Z,219000811,54.916062,11.359968,0.0,Under way using engine
2026-08-21T03:22:04Z,219002177,54.935948,11.371973,0.0,Under way using engine
2026-08-21T03:22:29Z,219000811,54.916060,11.359968,0.0,Under way using engine
2026-08-21T03:22:35Z,219002177,54.935950,11.371985,0.0,Under way using engine
2026-08-21T03:22:59Z,219000811,54.916057,11.359965,0.0,Under way using engine
2026-08-21T03:23:15Z,219002177,54.935967,11.371967,0.0,Under way using engine
2026-08-21T03:23:30Z,219000811,54.916055,11.359962,0.0,Under way using engine
2026-08-21T03:23:53Z,219002177,54.935973,11.371948,0.0,Under way using engine
2026-08-21T03:24:09Z,219000811,54.916053,11.359962,0.0,Under way using engine
2026-08-21T03:24:23Z,219002177,54.935967,11.371950,0.0,Under way using engine
2026-08-21T03:24:38Z,219000809,54.971908,11.514593,0.0,Moored
2026-08-21T03:24:39Z,219000811,54.916052,11.359960,0.0,Under way using engine
2026-08-21T03:24:53Z,219002177,54.935967,11.371957,0.0,Under way using engine
2026-08-21T03:25:09Z,219000811,54.916052,11.359962,0.0,Under way using engine
2026-08-21T03:25:25Z,219002177,54.935972,11.371973,0.0,Under way using engine
2026-08-21T03:25:39Z,219000811,54.916053,11.359962,0.0,Under way using engine
2026-08-21T03:26:04Z,219002177,54.935932,11.371927,0.9,Under way using engine
2026-08-21T03:26:09Z,219000811,54.916057,11.359962,0.0,Under way using engine
2026-08-21T03:26:35Z,219002177,54.935573,11.371683,3.4,Under way using engine
2026-08-21T03:26:39Z,219000811,54.916058,11.359962,0.0,Under way using engine
2026-08-21T03:27:04Z,219000809,54.971908,11.514593,0.0,Moored
2026-08-21T03:27:09Z,219000811,54.916060,11.359963,0.0,Under way using engine
2026-08-21T03:27:14Z,219002177,54.934720,11.371207,5.5,Under way using engine
2026-08-21T03:27:38Z,219000809,54.971900,11.514570,0.0,Moored
2026-08-21T03:27:39Z,219000811,54.916063,11.359963,0.0,Under way using engine
2026-08-21T03:27:45Z,219002177,54.933840,11.371207,6.5,Under way using engine
2026-08-21T03:28:09Z,219000811,54.916063,11.359963,0.0,Under way using engine
2026-08-21T03:28:25Z,219002177,54.932568,11.371298,7.4,Under way using engine
2026-08-21T03:28:39Z,219000811,54.916065,11.359963,0.0,Under way using engine
2026-08-21T03:29:03Z,219002177,54.931203,11.371343,7.8,Under way using engine
2026-08-21T03:29:09Z,219000811,54.916067,11.359962,0.0,Under way using engine
2026-08-21T03:29:35Z,219002177,54.930033,11.371400,7.9,Under way using engine
2026-08-21T03:29:39Z,219000811,54.916068,11.359960,0.0,Under way using engine
2026-08-21T03:30:09Z,219000811,54.916068,11.359957,0.0,Under way using engine
2026-08-21T03:30:14Z,219002177,54.928620,11.371433,7.9,Under way using engine
2026-08-21T03:30:39Z,219000809,54.971913,11.514585,0.0,Moored
2026-08-21T03:30:39Z,219000811,54.916068,11.359953,0.0,Under way using engine
2026-08-21T03:30:45Z,219002177,54.927483,11.371490,7.9,Under way using engine
2026-08-21T03:31:09Z,219000811,54.916067,11.359952,0.0,Under way using engine
2026-08-21T03:31:25Z,219002177,54.926077,11.371585,7.8,Under way using engine
2026-08-21T03:31:39Z,219000811,54.916065,11.359950,0.0,Under way using engine
2026-08-21T03:32:03Z,219002177,54.924660,11.371697,7.9,Under way using engine
2026-08-21T03:32:09Z,219000811,54.916067,11.359953,0.0,Under way using engine
2026-08-21T03:32:35Z,219002177,54.923502,11.371785,7.9,Under way using engine
2026-08-21T03:32:39Z,219000811,54.916068,11.359955,0.0,Under way using engine
2026-08-21T03:33:05Z,219000809,54.971913,11.514585,0.0,Moored
2026-08-21T03:33:09Z,219000811,54.916068,11.359955,0.0,Under way using engine
2026-08-21T03:33:15Z,219002177,54.922098,11.371865,7.8,Under way using engine
2026-08-21T03:33:38Z,219000809,54.971920,11.514562,0.0,Moored
2026-08-21T03:33:45Z,219002177,54.921018,11.371928,7.7,Under way using engine
2026-08-21T03:33:49Z,219000811,54.916067,11.359958,0.0,Under way using engine
2026-08-21T03:34:15Z,219002177,54.919945,11.371980,7.7,Under way using engine
2026-08-21T03:34:30Z,219000811,54.916063,11.359960,0.0,Under way using engine
2026-08-21T03:34:45Z,219002177,54.918885,11.372050,7.6,Under way using engine
2026-08-21T03:35:09Z,219000811,54.916062,11.359960,0.0,Under way using engine
2026-08-21T03:35:15Z,219002177,54.917887,11.371857,7.1,Under way using engine
2026-08-21T03:35:45Z,219002177,54.917155,11.370905,6.3,Under way using engine
2026-08-21T03:35:50Z,219000811,54.916060,11.359962,0.0,Under way using engine
2026-08-21T03:36:15Z,219002177,54.916835,11.369468,6.4,Under way using engine
2026-08-21T03:36:24Z,219000811,54.916058,11.359960,0.0,Under way using engine
2026-08-21T03:36:40Z,219000809,54.971922,11.514552,0.0,Moored
2026-08-21T03:36:45Z,219002177,54.916678,11.367902,6.7,Under way using engine
2026-08-21T03:36:59Z,219000811,54.916058,11.359963,0.0,Under way using engine
2026-08-21T03:37:15Z,219002177,54.916540,11.366267,6.9,Under way using engine
2026-08-21T03:37:29Z,219000811,54.916060,11.359962,0.0,Under way using engine
2026-08-21T03:37:45Z,219002177,54.916400,11.364598,7.0,Under way using engine
2026-08-21T03:37:59Z,219000811,54.916062,11.359968,0.0,Under way using engine
2026-08-21T03:38:15Z,219002177,54.916248,11.362972,6.5,Under way using engine
2026-08-21T03:38:29Z,219000811,54.916062,11.359972,0.0,Under way using engine
2026-08-21T03:38:45Z,219002177,54.916250,11.361717,4.7,Under way using engine
2026-08-21T03:38:59Z,219000811,54.916058,11.359973,0.0,Under way using engine
2026-08-21T03:39:05Z,219000809,54.971922,11.514552,0.0,Moored
2026-08-21T03:39:15Z,219002177,54.916320,11.361027,1.9,Under way using engine
2026-08-21T03:39:29Z,219000811,54.916057,11.359977,0.0,Under way using engine
2026-08-21T03:39:37Z,219000809,54.971908,11.514562,0.0,Moored
2026-08-21T03:39:45Z,219002177,54.916352,11.360730,1.2,Under way using engine
2026-08-21T03:40:00Z,219000811,54.916055,11.359977,0.0,Under way using engine
2026-08-21T03:40:15Z,219002177,54.916375,11.360557,0.6,Under way using engine
2026-08-21T03:40:40Z,219000811,54.916053,11.359975,0.0,Under way using engine
2026-08-21T03:40:47Z,219002177,54.916358,11.360545,0.0,Under way using engine
2026-08-21T03:41:10Z,219000811,54.916052,11.359975,0.0,Under way using engine
2026-08-21T03:41:24Z,219002177,54.916355,11.360552,0.0,Under way using engine
2026-08-21T03:41:40Z,219000811,54.916048,11.359975,0.0,Under way using engine
2026-08-21T03:41:54Z,219002177,54.916352,11.360565,0.0,Under way using engine
2026-08-21T03:42:10Z,219000811,54.916048,11.359977,0.0,Under way using engine
2026-08-21T03:42:24Z,219002177,54.916357,11.360545,0.0,Under way using engine
2026-08-21T03:42:39Z,219000809,54.971903,11.514558,0.0,Moored
2026-08-21T03:42:40Z,219000811,54.916052,11.359977,0.0,Under way using engine
2026-08-21T03:42:54Z,219002177,54.916352,11.360548,0.0,Under way using engine
2026-08-21T03:43:10Z,219000811,54.916052,11.359977,0.0,Under way using engine
2026-08-21T03:43:24Z,219002177,54.916373,11.360537,0.0,Under way using engine
2026-08-21T03:43:40Z,219000811,54.916053,11.359973,0.0,Under way using engine
2026-08-21T03:43:54Z,219002177,54.916360,11.360527,0.0,Under way using engine
2026-08-21T03:44:10Z,219000811,54.916055,11.359972,0.0,Under way using engine
2026-08-21T03:44:33Z,219002177,54.916352,11.360545,0.0,Under way using engine
2026-08-21T03:44:40Z,219000811,54.916055,11.359970,0.0,Under way using engine
2026-08-21T03:45:05Z,219000809,54.971903,11.514558,0.0,Moored
2026-08-21T03:45:10Z,219000811,54.916053,11.359970,0.0,Under way using engine
2026-08-21T03:45:34Z,219002177,54.916350,11.360690,1.4,Under way using engine
2026-08-21T03:45:38Z,219000809,54.971928,11.514545,0.0,Moored
2026-08-21T03:45:40Z,219000811,54.916053,11.359970,0.0,Under way using engine
2026-08-21T03:46:04Z,219002177,54.916310,11.361475,4.0,Under way using engine
2026-08-21T03:46:10Z,219000811,54.916053,11.359970,0.0,Under way using engine
2026-08-21T03:46:34Z,219002177,54.916315,11.362687,5.4,Under way using engine
2026-08-21T03:46:40Z,219000811,54.916053,11.359968,0.0,Under way using engine
2026-08-21T03:47:04Z,219002177,54.916367,11.364105,6.2,Under way using engine
2026-08-21T03:47:10Z,219000811,54.916055,11.359967,0.0,Under way using engine
2026-08-21T03:47:34Z,219002177,54.916498,11.365640,6.7,Under way using engine
2026-08-21T03:47:40Z,219000811,54.916057,11.359965,0.0,Under way using engine
2026-08-21T03:48:04Z,219002177,54.916657,11.367260,6.9,Under way using engine
2026-08-21T03:48:10Z,219000811,54.916057,11.359967,0.0,Under way using engine
2026-08-21T03:48:29Z,219000809,54.971907,11.514565,0.0,Under way using engine
2026-08-21T03:48:34Z,219002177,54.916783,11.368947,7.1,Under way using engine
2026-08-21T03:48:49Z,219000811,54.916057,11.359967,0.0,Under way using engine
2026-08-21T03:49:00Z,219000809,54.971905,11.514573,0.0,Under way using engine
2026-08-21T03:49:04Z,219002177,54.917078,11.370530,6.8,Under way using engine
2026-08-21T03:49:20Z,219000811,54.916058,11.359965,0.0,Under way using engine
2026-08-21T03:49:34Z,219002177,54.917723,11.371288,5.4,Under way using engine
2026-08-21T03:49:40Z,219000809,54.971902,11.514565,0.0,Under way using engine
2026-08-21T03:49:59Z,219000811,54.916060,11.359962,0.0,Under way using engine
2026-08-21T03:50:04Z,219002177,54.918507,11.371317,6.1,Under way using engine
2026-08-21T03:50:10Z,219000809,54.971900,11.514563,0.0,Under way using engine
2026-08-21T03:50:29Z,219000811,54.916062,11.359963,0.0,Under way using engine
2026-08-21T03:50:34Z,219002177,54.919420,11.371405,6.4,Under way using engine
2026-08-21T03:50:50Z,219000809,54.971912,11.514555,0.1,Under way using engine
2026-08-21T03:50:59Z,219000811,54.916060,11.359967,0.0,Under way using engine
2026-08-21T03:51:04Z,219002177,54.920300,11.371442,6.6,Under way using engine
2026-08-21T03:51:29Z,219000809,54.971907,11.514570,0.0,Under way using engine
2026-08-21T03:51:29Z,219000811,54.916058,11.359968,0.0,Under way using engine
2026-08-21T03:51:34Z,219002177,54.921245,11.371498,6.8,Under way using engine
2026-08-21T03:51:59Z,219000811,54.916057,11.359968,0.0,Under way using engine
2026-08-21T03:52:00Z,219000809,54.971898,11.514558,0.0,Under way using engine
2026-08-21T03:52:04Z,219002177,54.922142,11.371540,6.9,Under way using engine
2026-08-21T03:52:29Z,219000811,54.916053,11.359967,0.0,Under way using engine
2026-08-21T03:52:34Z,219002177,54.923120,11.371630,7.0,Under way using engine
2026-08-21T03:52:39Z,219000809,54.971895,11.514552,0.0,Under way using engine
2026-08-21T03:52:59Z,219000811,54.916052,11.359968,0.0,Under way using engine
2026-08-21T03:53:04Z,219002177,54.924115,11.371752,7.0,Under way using engine
2026-08-21T03:53:10Z,219000809,54.971878,11.514555,0.1,Under way using engine
2026-08-21T03:53:30Z,219000811,54.916053,11.359970,0.0,Under way using engine
2026-08-21T03:53:34Z,219002177,54.925093,11.371867,7.1,Under way using engine
2026-08-21T03:53:50Z,219000809,54.971900,11.514538,0.0,Under way using engine
2026-08-21T03:54:04Z,219002177,54.926072,11.371990,7.1,Under way using engine
2026-08-21T03:54:09Z,219000811,54.916055,11.359972,0.0,Under way using engine
2026-08-21T03:54:29Z,219000809,54.971895,11.514562,0.0,Under way using engine
2026-08-21T03:54:34Z,219002177,54.927072,11.372103,7.2,Under way using engine
2026-08-21T03:54:39Z,219000811,54.916055,11.359972,0.0,Under way using engine
2026-08-21T03:55:01Z,219000809,54.971893,11.514550,0.0,Under way using engine
2026-08-21T03:55:04Z,219002177,54.928072,11.372172,7.2,Under way using engine
2026-08-21T03:55:09Z,219000811,54.916055,11.359970,0.0,Under way using engine
2026-08-21T03:55:34Z,219002177,54.929075,11.372282,7.2,Under way using engine
2026-08-21T03:55:39Z,219000809,54.971898,11.514525,0.0,Under way using engine
2026-08-21T03:55:39Z,219000811,54.916057,11.359968,0.0,Under way using engine
2026-08-21T03:56:04Z,219002177,54.930068,11.372312,7.1,Under way using engine
2026-08-21T03:56:09Z,219000811,54.916057,11.359968,0.0,Under way using engine
2026-08-21T03:56:10Z,219000809,54.971910,11.514530,0.0,Under way using engine
2026-08-21T03:56:34Z,219002177,54.931057,11.372227,7.0,Under way using engine
2026-08-21T03:56:40Z,219000811,54.916058,11.359970,0.0,Under way using engine
2026-08-21T03:56:50Z,219000809,54.971908,11.514552,0.0,Under way using engine
2026-08-21T03:57:04Z,219002177,54.932023,11.372105,7.0,Under way using engine
2026-08-21T03:57:18Z,219000811,54.916058,11.359970,0.0,Under way using engine
2026-08-21T03:57:29Z,219000809,54.971920,11.514547,0.0,Under way using engine
2026-08-21T03:57:34Z,219002177,54.932980,11.371980,6.9,Under way using engine
2026-08-21T03:57:50Z,219000811,54.916058,11.359970,0.0,Under way using engine
2026-08-21T03:58:01Z,219000809,54.971912,11.514537,0.0,Under way using engine
2026-08-21T03:58:05Z,219002177,54.933908,11.371840,6.5,Under way using engine
2026-08-21T03:58:30Z,219000811,54.916058,11.359970,0.0,Under way using engine
2026-08-21T03:58:40Z,219000809,54.971912,11.514548,0.0,Under way using engine
2026-08-21T03:58:43Z,219002177,54.935017,11.371572,5.4,Under way using engine
2026-08-21T03:59:09Z,219000811,54.916058,11.359968,0.0,Under way using engine
2026-08-21T03:59:10Z,219000809,54.971908,11.514550,0.0,Under way using engine
2026-08-21T03:59:24Z,219002177,54.935693,11.371778,2.9,Under way using engine
2026-08-21T03:59:40Z,219000809,54.971910,11.514567,0.0,Under way using engine
2026-08-21T03:59:40Z,219000811,54.916058,11.359967,0.0,Under way using engine
2026-08-21T04:00:05Z,219002177,54.935920,11.371960,0.9,Under way using engine
2026-08-21T04:00:10Z,219000809,54.971915,11.514367,1.7,Under way using engine
2026-08-21T04:00:18Z,219000811,54.916062,11.359962,0.0,Under way using engine
2026-08-21T04:00:40Z,219000809,54.971928,11.513735,2.4,Under way using engine
2026-08-21T04:00:43Z,219002177,54.935965,11.371972,0.0,Under way using engine
2026-08-21T04:00:49Z,219000811,54.916063,11.359960,0.0,Under way using engine
2026-08-21T04:01:10Z,219000809,54.971765,11.513217,2.2,Under way using engine
2026-08-21T04:01:15Z,219002177,54.935965,11.371948,0.0,Under way using engine
2026-08-21T04:01:30Z,219000811,54.916067,11.359958,0.0,Under way using engine
2026-08-21T04:01:40Z,219000809,54.971643,11.513137,0.4,Under way using engine
2026-08-21T04:01:53Z,219002177,54.935987,11.371958,0.0,Under way using engine
2026-08-21T04:02:09Z,219000811,54.916068,11.359960,0.0,Under way using engine
2026-08-21T04:02:10Z,219000809,54.971865,11.512268,5.4,Under way using engine
2026-08-21T04:02:24Z,219002177,54.935978,11.371967,0.0,Under way using engine
2026-08-21T04:02:39Z,219000811,54.916068,11.359963,0.0,Under way using engine
2026-08-21T04:02:43Z,219000809,54.972002,11.510398,7.7,Under way using engine
2026-08-21T04:03:05Z,219002177,54.935978,11.371968,0.0,Under way using engine
2026-08-21T04:03:09Z,219000811,54.916067,11.359968,0.0,Under way using engine
2026-08-21T04:03:19Z,219000809,54.972197,11.507997,8.3,Under way using engine
2026-08-21T04:03:35Z,219002177,54.935967,11.371973,0.0,Under way using engine
2026-08-21T04:03:39Z,219000811,54.916065,11.359970,0.0,Under way using engine
2026-08-21T04:03:49Z,219000809,54.972035,11.506103,7.9,Under way using engine
2026-08-21T04:04:05Z,219002177,54.935967,11.371970,0.0,Under way using engine
2026-08-21T04:04:09Z,219000811,54.916065,11.359970,0.0,Under way using engine
2026-08-21T04:04:19Z,219000809,54.971420,11.504427,8.4,Under way using engine
2026-08-21T04:04:35Z,219002177,54.935970,11.371965,0.0,Under way using engine
2026-08-21T04:04:39Z,219000811,54.916067,11.359970,0.0,Under way using engine
2026-08-21T04:04:50Z,219000809,54.970595,11.502827,8.7,Under way using engine
2026-08-21T04:05:05Z,219002177,54.935973,11.371950,0.0,Under way using engine
2026-08-21T04:05:09Z,219000811,54.916067,11.359972,0.0,Under way using engine
2026-08-21T04:05:29Z,219000809,54.969398,11.500985,8.8,Under way using engine
2026-08-21T04:05:35Z,219002177,54.935970,11.371937,0.0,Under way using engine
2026-08-21T04:05:40Z,219000811,54.916065,11.359973,0.0,Under way using engine
2026-08-21T04:06:01Z,219000809,54.968398,11.499652,9.0,Under way using engine
2026-08-21T04:06:15Z,219002177,54.935958,11.371938,0.1,Under way using engine
2026-08-21T04:06:19Z,219000811,54.916063,11.359973,0.0,Under way using engine
2026-08-21T04:06:39Z,219000809,54.967090,11.497853,9.5,Under way using engine
2026-08-21T04:06:50Z,219000811,54.916062,11.359973,0.0,Under way using engine
2026-08-21T04:06:53Z,219002177,54.935963,11.371947,0.0,Under way using engine
2026-08-21T04:07:10Z,219000809,54.966043,11.496417,9.5,Under way using engine
2026-08-21T04:07:24Z,219002177,54.935978,11.371970,0.0,Under way using engine
2026-08-21T04:07:29Z,219000811,54.916055,11.359980,0.0,Under way using engine
2026-08-21T04:07:50Z,219000809,54.964643,11.494532,9.2,Under way using engine
2026-08-21T04:08:00Z,219000811,54.916053,11.359982,0.0,Under way using engine
2026-08-21T04:08:04Z,219002177,54.935750,11.371867,2.2,Under way using engine
2026-08-21T04:08:30Z,219000809,54.963230,11.492910,9.6,Under way using engine
2026-08-21T04:08:35Z,219002177,54.935268,11.371538,4.3,Under way using engine
2026-08-21T04:08:40Z,219000811,54.916055,11.359982,0.0,Under way using engine
2026-08-21T04:09:00Z,219000809,54.962083,11.491622,9.7,Under way using engine
2026-08-21T04:09:15Z,219002177,54.934382,11.371168,5.5,Under way using engine
2026-08-21T04:09:20Z,219000811,54.916060,11.359982,0.0,Under way using engine
2026-08-21T04:09:30Z,219000809,54.960960,11.490483,9.6,Under way using engine
2026-08-21T04:09:50Z,219000811,54.916060,11.359978,0.0,Under way using engine
2026-08-21T04:09:53Z,219002177,54.933280,11.371382,6.5,Under way using engine
2026-08-21T04:10:00Z,219000809,54.959697,11.489598,9.5,Under way using engine
2026-08-21T04:10:20Z,219000811,54.916060,11.359973,0.0,Under way using engine
2026-08-21T04:10:25Z,219002177,54.932298,11.371520,7.0,Under way using engine
2026-08-21T04:10:30Z,219000809,54.958462,11.488902,9.7,Under way using engine
2026-08-21T04:10:50Z,219000811,54.916062,11.359973,0.0,Under way using engine
2026-08-21T04:11:04Z,219002177,54.931007,11.371730,7.3,Under way using engine
2026-08-21T04:11:10Z,219000809,54.956738,11.487983,9.7,Under way using engine
2026-08-21T04:11:20Z,219000811,54.916062,11.359972,0.0,Under way using engine
2026-08-21T04:11:34Z,219002177,54.929968,11.371883,7.4,Under way using engine
2026-08-21T04:11:49Z,219000809,54.955062,11.487105,9.9,Under way using engine
2026-08-21T04:11:50Z,219000811,54.916062,11.359968,0.0,Under way using engine
2026-08-21T04:12:04Z,219002177,54.928987,11.372030,7.3,Under way using engine
2026-08-21T04:12:20Z,219000809,54.953660,11.486400,9.9,Under way using engine
2026-08-21T04:12:20Z,219000811,54.916062,11.359965,0.0,Under way using engine
2026-08-21T04:12:34Z,219002177,54.927963,11.372058,7.2,Under way using engine
2026-08-21T04:12:50Z,219000811,54.916060,11.359965,0.0,Under way using engine
2026-08-21T04:12:59Z,219000809,54.952007,11.485632,9.7,Under way using engine
2026-08-21T04:13:04Z,219002177,54.926990,11.372053,7.2,Under way using engine
2026-08-21T04:13:20Z,219000811,54.916058,11.359965,0.0,Under way using engine
2026-08-21T04:13:30Z,219000809,54.950685,11.484945,9.7,Under way using engine
2026-08-21T04:13:34Z,219002177,54.925960,11.372095,7.2,Under way using engine
2026-08-21T04:13:59Z,219000811,54.916058,11.359963,0.0,Under way using engine
2026-08-21T04:14:04Z,219002177,54.924993,11.372188,7.3,Under way using engine
2026-08-21T04:14:10Z,219000809,54.948977,11.484067,9.7,Under way using engine
2026-08-21T04:14:29Z,219000811,54.916057,11.359965,0.0,Under way using engine
2026-08-21T04:14:34Z,219002177,54.923942,11.372242,7.3,Under way using engine
2026-08-21T04:14:49Z,219000809,54.947308,11.483167,9.6,Under way using engine
2026-08-21T04:14:59Z,219000811,54.916057,11.359963,0.0,Under way using engine
2026-08-21T04:15:04Z,219002177,54.922970,11.372198,7.2,Under way using engine
2026-08-21T04:15:20Z,219000809,54.945960,11.482432,9.5,Under way using engine
2026-08-21T04:15:29Z,219000811,54.916055,11.359965,0.0,Under way using engine
2026-08-21T04:15:34Z,219002177,54.921930,11.372107,7.3,Under way using engine
2026-08-21T04:15:59Z,219000811,54.916048,11.359972,0.0,Under way using engine
2026-08-21T04:16:00Z,219000809,54.944340,11.481500,9.4,Under way using engine
2026-08-21T04:16:05Z,219002177,54.920925,11.372078,7.3,Under way using engine
2026-08-21T04:16:29Z,219000811,54.916045,11.359975,0.0,Under way using engine
2026-08-21T04:16:30Z,219000809,54.943212,11.480417,9.2,Under way using engine
2026-08-21T04:16:45Z,219002177,54.919565,11.372183,7.1,Under way using engine
2026-08-21T04:16:59Z,219000811,54.916045,11.359973,0.0,Under way using engine
2026-08-21T04:17:00Z,219000809,54.942225,11.479057,9.2,Under way using engine
2026-08-21T04:17:15Z,219002177,54.918575,11.372267,7.1,Under way using engine
2026-08-21T04:17:29Z,219000811,54.916045,11.359973,0.0,Under way using engine
2026-08-21T04:17:30Z,219000809,54.941323,11.477485,9.2,Under way using engine
2026-08-21T04:17:45Z,219002177,54.917652,11.372065,6.6,Under way using engine
2026-08-21T04:17:59Z,219000811,54.916045,11.359972,0.0,Under way using engine
2026-08-21T04:18:00Z,219000809,54.940448,11.475898,9.2,Under way using engine
2026-08-21T04:18:15Z,219002177,54.917035,11.371158,5.8,Under way using engine
2026-08-21T04:18:30Z,219000809,54.939562,11.474307,9.2,Under way using engine
2026-08-21T04:18:40Z,219000811,54.916045,11.359970,0.0,Under way using engine
2026-08-21T04:18:45Z,219002177,54.916803,11.369763,5.9,Under way using engine
2026-08-21T04:19:00Z,219000809,54.938818,11.472450,9.4,Under way using engine
2026-08-21T04:19:15Z,219002177,54.916668,11.368337,6.2,Under way using engine
2026-08-21T04:19:20Z,219000811,54.916045,11.359968,0.0,Under way using engine
2026-08-21T04:19:30Z,219000809,54.938218,11.470435,9.4,Under way using engine
2026-08-21T04:19:55Z,219002177,54.916523,11.366287,6.5,Under way using engine
2026-08-21T04:19:59Z,219000811,54.916045,11.359970,0.0,Under way using engine
2026-08-21T04:20:00Z,219000809,54.937652,11.468400,9.4,Under way using engine
2026-08-21T04:20:25Z,219002177,54.916395,11.364703,6.7,Under way using engine
2026-08-21T04:20:29Z,219000811,54.916047,11.359970,0.0,Under way using engine
2026-08-21T04:20:30Z,219000809,54.937060,11.466378,9.5,Under way using engine
2026-08-21T04:20:55Z,219002177,54.916243,11.363150,6.2,Under way using engine
2026-08-21T04:20:59Z,219000811,54.916048,11.359970,0.0,Under way using engine
2026-08-21T04:21:07Z,219000809,54.936460,11.464340,9.5,Under way using engine
2026-08-21T04:21:25Z,219002177,54.916222,11.361927,4.7,Under way using engine
2026-08-21T04:21:29Z,219000811,54.916050,11.359970,0.0,Under way using engine
2026-08-21T04:21:40Z,219000809,54.935657,11.461562,9.4,Under way using engine
2026-08-21T04:21:55Z,219002177,54.916297,11.361167,2.5,Under way using engine
2026-08-21T04:21:59Z,219000811,54.916052,11.359968,0.0,Under way using engine
2026-08-21T04:22:10Z,219000809,54.935068,11.459553,9.3,Under way using engine
2026-08-21T04:22:25Z,219002177,54.916333,11.360788,1.3,Under way using engine
2026-08-21T04:22:29Z,219000811,54.916053,11.359970,0.0,Under way using engine
2026-08-21T04:22:40Z,219000809,54.934498,11.457542,9.4,Under way using engine
2026-08-21T04:22:55Z,219002177,54.916340,11.360617,0.5,Under way using engine
2026-08-21T04:22:59Z,219000811,54.916055,11.359973,0.0,Under way using engine
2026-08-21T04:23:10Z,219000809,54.933932,11.455582,9.4,Under way using engine
2026-08-21T04:23:25Z,219002177,54.916323,11.360570,0.1,Under way using engine
2026-08-21T04:23:29Z,219000811,54.916053,11.359977,0.0,Under way using engine
2026-08-21T04:23:41Z,219000809,54.933290,11.453665,9.4,Under way using engine
2026-08-21T04:23:55Z,219002177,54.916332,11.360590,0.0,Under way using engine
2026-08-21T04:23:59Z,219000811,54.916055,11.359977,0.0,Under way using engine
2026-08-21T04:24:20Z,219000809,54.932283,11.451258,9.3,Under way using engine
2026-08-21T04:24:30Z,219000811,54.916055,11.359973,0.0,Under way using engine
2026-08-21T04:24:33Z,219002177,54.916335,11.360540,0.0,Under way using engine
2026-08-21T04:24:50Z,219000809,54.931517,11.449523,9.4,Under way using engine
2026-08-21T04:25:05Z,219002177,54.916350,11.360568,0.1,Under way using engine
2026-08-21T04:25:10Z,219000811,54.916053,11.359968,0.0,Under way using engine
2026-08-21T04:25:20Z,219000809,54.930722,11.447713,9.3,Under way using engine
2026-08-21T04:25:43Z,219002177,54.916345,11.360537,0.0,Under way using engine
2026-08-21T04:25:49Z,219000811,54.916052,11.359970,0.0,Under way using engine
2026-08-21T04:25:59Z,219000809,54.929685,11.445398,9.0,Under way using engine
2026-08-21T04:26:14Z,219002177,54.916350,11.360518,0.0,Under way using engine
2026-08-21T04:26:20Z,219000811,54.916045,11.359975,0.0,Under way using engine
2026-08-21T04:26:29Z,219000809,54.928917,11.443688,9.4,Under way using engine
2026-08-21T04:26:55Z,219002177,54.916330,11.360612,1.1,Under way using engine
2026-08-21T04:26:59Z,219000811,54.916047,11.359977,0.0,Under way using engine
2026-08-21T04:27:00Z,219000809,54.928065,11.441800,9.3,Under way using engine
2026-08-21T04:27:30Z,219000811,54.916052,11.359973,0.0,Under way using engine
2026-08-21T04:27:34Z,219002177,54.916315,11.361808,4.9,Under way using engine
2026-08-21T04:27:39Z,219000809,54.927032,11.439487,9.3,Under way using engine
2026-08-21T04:28:05Z,219002177,54.916322,11.363198,6.0,Under way using engine
2026-08-21T04:28:09Z,219000809,54.926253,11.437802,9.4,Under way using engine
2026-08-21T04:28:09Z,219000811,54.916053,11.359963,0.0,Under way using engine
2026-08-21T04:28:39Z,219000809,54.925397,11.436018,9.4,Under way using engine
2026-08-21T04:28:39Z,219000811,54.916052,11.359963,0.0,Under way using engine
2026-08-21T04:28:43Z,219002177,54.916475,11.365238,6.9,Under way using engine
2026-08-21T04:29:09Z,219000809,54.924623,11.434302,9.4,Under way using engine
2026-08-21T04:29:09Z,219000811,54.916052,11.359968,0.0,Under way using engine
2026-08-21T04:29:14Z,219002177,54.916640,11.366912,7.2,Under way using engine
2026-08-21T04:29:39Z,219000809,54.923790,11.432508,9.3,Under way using engine
2026-08-21T04:29:39Z,219000811,54.916053,11.359972,0.0,Under way using engine
2026-08-21T04:29:54Z,219002177,54.916865,11.369267,7.5,Under way using engine
2026-08-21T04:30:09Z,219000809,54.923012,11.430858,9.0,Under way using engine
2026-08-21T04:30:09Z,219000811,54.916053,11.359973,0.0,Under way using engine
2026-08-21T04:30:34Z,219002177,54.917413,11.371132,5.7,Under way using engine
2026-08-21T04:30:39Z,219000809,54.922195,11.429033,9.4,Under way using engine
2026-08-21T04:30:39Z,219000811,54.916052,11.359973,0.0,Under way using engine
2026-08-21T04:31:09Z,219000809,54.921425,11.427340,9.3,Under way using engine
2026-08-21T04:31:09Z,219000811,54.916052,11.359970,0.0,Under way using engine
2026-08-21T04:31:14Z,219002177,54.918467,11.371268,6.3,Under way using engine
2026-08-21T04:31:39Z,219000809,54.920595,11.425535,9.4,Under way using engine
2026-08-21T04:31:49Z,219000811,54.916053,11.359968,0.0,Under way using engine
2026-08-21T04:31:54Z,219002177,54.919707,11.371285,6.9,Under way using engine
2026-08-21T04:32:09Z,219000809,54.919828,11.423827,9.3,Under way using engine
2026-08-21T04:32:20Z,219000811,54.916053,11.359970,0.0,Under way using engine
2026-08-21T04:32:33Z,219002177,54.921037,11.371312,7.3,Under way using engine
2026-08-21T04:32:40Z,219000809,54.918962,11.421983,9.3,Under way using engine
2026-08-21T04:32:59Z,219000811,54.916055,11.359970,0.0,Under way using engine
2026-08-21T04:33:03Z,219002177,54.922082,11.371362,7.5,Under way using engine
2026-08-21T04:33:20Z,219000809,54.917930,11.419705,9.3,Under way using engine
2026-08-21T04:33:29Z,219000811,54.916058,11.359968,0.0,Under way using engine
2026-08-21T04:33:33Z,219002177,54.923123,11.371438,7.6,Under way using engine
2026-08-21T04:33:59Z,219000809,54.916877,11.417457,9.2,Under way using engine
2026-08-21T04:33:59Z,219000811,54.916063,11.359965,0.0,Under way using engine
2026-08-21T04:34:03Z,219002177,54.924158,11.371528,7.5,Under way using engine
2026-08-21T04:34:29Z,219000811,54.916065,11.359963,0.0,Under way using engine
2026-08-21T04:34:31Z,219000809,54.916077,11.415580,9.1,Under way using engine
2026-08-21T04:34:33Z,219002177,54.925197,11.371643,7.6,Under way using engine
2026-08-21T04:34:59Z,219000811,54.916068,11.359967,0.0,Under way using engine
2026-08-21T04:35:03Z,219002177,54.926257,11.371722,7.6,Under way using engine
2026-08-21T04:35:09Z,219000809,54.915138,11.413307,9.3,Under way using engine
2026-08-21T04:35:29Z,219000811,54.916072,11.359968,0.0,Under way using engine
2026-08-21T04:35:33Z,219002177,54.927300,11.371790,7.6,Under way using engine
2026-08-21T04:35:40Z,219000809,54.914308,11.411417,9.3,Under way using engine
2026-08-21T04:35:59Z,219000811,54.916072,11.359972,0.0,Under way using engine
2026-08-21T04:36:04Z,219002177,54.928378,11.371863,7.7,Under way using engine
2026-08-21T04:36:30Z,219000811,54.916072,11.359972,0.0,Under way using engine
2026-08-21T04:36:31Z,219000809,54.913065,11.408397,9.3,Under way using engine
2026-08-21T04:36:45Z,219002177,54.929857,11.371973,7.7,Under way using engine
2026-08-21T04:37:09Z,219000809,54.912082,11.406097,9.3,Under way using engine
2026-08-21T04:37:10Z,219000811,54.916070,11.359973,0.0,Under way using engine
2026-08-21T04:37:23Z,219002177,54.931197,11.371863,7.6,Under way using engine
2026-08-21T04:37:39Z,219000809,54.911342,11.404260,9.4,Under way using engine
2026-08-21T04:37:50Z,219000811,54.916035,11.360450,2.0,Under way using engine
2026-08-21T04:37:53Z,219002177,54.932272,11.371800,7.6,Under way using engine
2026-08-21T04:38:09Z,219000809,54.910580,11.402445,9.4,Under way using engine
2026-08-21T04:38:20Z,219000811,54.916112,11.361703,5.4,Under way using engine
2026-08-21T04:38:24Z,219002177,54.933308,11.371698,7.5,Under way using engine
2026-08-21T04:38:39Z,219000809,54.909833,11.400588,9.4,Under way using engine
2026-08-21T04:38:50Z,219000811,54.916248,11.363400,7.1,Under way using engine
2026-08-21T04:39:04Z,219002177,54.934633,11.371463,7.0,Under way using engine
2026-08-21T04:39:09Z,219000809,54.909102,11.398697,9.5,Under way using engine
2026-08-21T04:39:20Z,219000811,54.916397,11.365300,7.8,Under way using engine
2026-08-21T04:39:34Z,219002177,54.935428,11.371565,4.8,Under way using engine
2026-08-21T04:39:39Z,219000809,54.908468,11.396742,9.2,Under way using engine
2026-08-21T04:39:50Z,219000811,54.916545,11.367183,8.0,Under way using engine
2026-08-21T04:40:05Z,219002177,54.935795,11.371812,1.9,Under way using engine
2026-08-21T04:40:09Z,219000809,54.908383,11.394648,8.7,Under way using engine
2026-08-21T04:40:20Z,219000811,54.916693,11.369092,8.0,Under way using engine
2026-08-21T04:40:39Z,219000809,54.908938,11.392763,8.9,Under way using engine
2026-08-21T04:40:45Z,219002177,54.935957,11.371972,0.7,Under way using engine
2026-08-21T04:40:50Z,219000811,54.916833,11.371060,8.0,Under way using engine
2026-08-21T04:41:09Z,219000809,54.909662,11.391007,9.0,Under way using engine
2026-08-21T04:41:20Z,219000811,54.916372,11.372598,7.4,Under way using engine
2026-08-21T04:41:24Z,219002177,54.935997,11.371978,0.0,Under way using engine
2026-08-21T04:41:39Z,219000809,54.910430,11.389262,9.2,Under way using engine
2026-08-21T04:41:50Z,219000811,54.915670,11.373968,7.9,Under way using engine
2026-08-21T04:42:05Z,219002177,54.935965,11.371985,0.0,Under way using engine
2026-08-21T04:42:10Z,219000809,54.911230,11.387347,9.2,Under way using engine
2026-08-21T04:42:20Z,219000811,54.914867,11.375530,8.1,Under way using engine
2026-08-21T04:42:49Z,219000809,54.912168,11.385065,9.2,Under way using engine
2026-08-21T04:42:53Z,219002177,54.935978,11.371973,0.0,Under way using engine
2026-08-21T04:43:00Z,219000811,54.913855,11.377443,8.4,Under way using engine
2026-08-21T04:43:20Z,219000809,54.912955,11.383218,9.1,Under way using engine
2026-08-21T04:43:24Z,219002177,54.935975,11.371973,0.0,Under way using engine
2026-08-21T04:43:40Z,219000811,54.912835,11.379483,8.4,Under way using engine
2026-08-21T04:44:00Z,219000809,54.913973,11.380793,9.2,Under way using engine
2026-08-21T04:44:05Z,219002177,54.935962,11.371970,0.0,Under way using engine
2026-08-21T04:44:10Z,219000811,54.912085,11.380970,8.5,Under way using engine
2026-08-21T04:44:30Z,219000809,54.914712,11.378985,9.2,Under way using engine
2026-08-21T04:44:40Z,219000811,54.911297,11.382580,8.5,Under way using engine
2026-08-21T04:44:45Z,219002177,54.935992,11.372013,0.0,Under way using engine
2026-08-21T04:45:00Z,219000809,54.915443,11.377188,9.2,Under way using engine
2026-08-21T04:45:10Z,219000811,54.910532,11.384127,8.6,Under way using engine
2026-08-21T04:45:24Z,219002177,54.936025,11.372005,0.1,Under way using engine
2026-08-21T04:45:30Z,219000809,54.916172,11.375365,9.2,Under way using engine
2026-08-21T04:45:40Z,219000811,54.909737,11.385742,8.6,Under way using engine
2026-08-21T04:46:00Z,219000809,54.916725,11.373392,9.1,Under way using engine
2026-08-21T04:46:05Z,219002177,54.935570,11.371780,3.7,Under way using engine
2026-08-21T04:46:20Z,219000811,54.908735,11.387917,8.6,Under way using engine
2026-08-21T04:46:30Z,219000809,54.916913,11.371223,9.2,Under way using engine
2026-08-21T04:46:44Z,219002177,54.934750,11.371088,5.3,Under way using engine
2026-08-21T04:47:00Z,219000809,54.916732,11.369002,9.3,Under way using engine
2026-08-21T04:47:00Z,219000811,54.907742,11.390105,8.6,Under way using engine
2026-08-21T04:47:15Z,219002177,54.933992,11.370982,6.0,Under way using engine
2026-08-21T04:47:30Z,219000809,54.916538,11.366768,9.4,Under way using engine
2026-08-21T04:47:30Z,219000811,54.907125,11.391755,8.6,Under way using engine
2026-08-21T04:47:53Z,219002177,54.932813,11.371103,6.8,Under way using engine
2026-08-21T04:48:00Z,219000811,54.906733,11.393743,8.5,Under way using engine
2026-08-21T04:48:10Z,219000809,54.916315,11.363805,9.3,Under way using engine
2026-08-21T04:48:25Z,219002177,54.931778,11.371185,7.2,Under way using engine
2026-08-21T04:48:30Z,219000811,54.906307,11.395743,8.6,Under way using engine
2026-08-21T04:48:40Z,219000809,54.916233,11.361695,8.8,Under way using engine
2026-08-21T04:49:00Z,219000811,54.905923,11.397695,8.6,Under way using engine
2026-08-21T04:49:05Z,219002177,54.930420,11.371325,7.5,Under way using engine
2026-08-21T04:49:11Z,219000809,54.915962,11.360458,3.0,Under way using engine
2026-08-21T04:49:30Z,219000811,54.905522,11.399650,8.7,Under way using engine
2026-08-21T04:49:43Z,219000809,54.915977,11.360288,1.0,Under way using engine
2026-08-21T04:49:44Z,219002177,54.929018,11.371460,7.5,Under way using engine
2026-08-21T04:50:00Z,219000811,54.905147,11.401592,8.6,Under way using engine
2026-08-21T04:50:13Z,219000809,54.916038,11.360147,0.6,Under way using engine
2026-08-21T04:50:15Z,219002177,54.927983,11.371578,7.5,Under way using engine
2026-08-21T04:50:30Z,219000811,54.904738,11.403598,8.6,Under way using engine
2026-08-21T04:50:49Z,219000809,54.916047,11.360058,0.2,Under way using engine
2026-08-21T04:50:55Z,219002177,54.926602,11.371730,7.5,Under way using engine
2026-08-21T04:51:00Z,219000811,54.904333,11.405450,8.6,Under way using engine
2026-08-21T04:51:25Z,219002177,54.925533,11.371827,7.6,Under way using engine
2026-08-21T04:51:30Z,219000809,54.916093,11.360053,0.1,Under way using engine
2026-08-21T04:51:30Z,219000811,54.903927,11.407403,8.5,Under way using engine
2026-08-21T04:51:55Z,219002177,54.924478,11.371958,7.5,Under way using engine
2026-08-21T04:52:00Z,219000811,54.903492,11.409327,8.4,Under way using engine
2026-08-21T04:52:11Z,219000809,54.916092,11.360042,0.0,Under way using engine
2026-08-21T04:52:25Z,219002177,54.923430,11.372125,7.6,Under way using engine
2026-08-21T04:52:30Z,219000811,54.903032,11.411182,8.4,Under way using engine
2026-08-21T04:52:49Z,219000809,54.916097,11.360040,0.0,Under way using engine
2026-08-21T04:52:55Z,219002177,54.922383,11.372275,7.5,Under way using engine
2026-08-21T04:53:00Z,219000811,54.902525,11.413058,8.4,Under way using engine
2026-08-21T04:53:20Z,219000809,54.916088,11.360057,0.0,Under way using engine
2026-08-21T04:53:34Z,219002177,54.920988,11.372422,7.4,Under way using engine
2026-08-21T04:53:38Z,219000811,54.901895,11.415348,8.4,Under way using engine
2026-08-21T04:53:59Z,219000809,54.916098,11.360063,0.0,Under way using engine
2026-08-21T04:54:04Z,219002177,54.919960,11.372513,7.3,Under way using engine
2026-08-21T04:54:08Z,219000811,54.901372,11.417210,8.4,Under way using engine
2026-08-21T04:54:30Z,219000809,54.916062,11.360053,0.0,Under way using engine
2026-08-21T04:54:34Z,219002177,54.918992,11.372523,7.2,Under way using engine
2026-08-21T04:54:39Z,219000811,54.900855,11.419052,8.4,Under way using engine
2026-08-21T04:55:11Z,219000809,54.916078,11.360060,0.0,Under way using engine
2026-08-21T04:55:14Z,219002177,54.917720,11.372227,6.8,Under way using engine
2026-08-21T04:55:19Z,219000811,54.900193,11.421495,8.4,Under way using engine
2026-08-21T04:55:44Z,219002177,54.917072,11.371282,5.8,Under way using engine
2026-08-21T04:55:49Z,219000811,54.899728,11.423315,8.3,Under way using engine
2026-08-21T04:55:50Z,219000809,54.916068,11.360065,0.0,Under way using engine
2026-08-21T04:56:14Z,219002177,54.916833,11.369920,6.1,Under way using engine
2026-08-21T04:56:20Z,219000811,54.899228,11.425265,8.3,Under way using engine
2026-08-21T04:56:30Z,219000809,54.916065,11.360060,0.0,Under way using engine
2026-08-21T04:56:44Z,219002177,54.916678,11.368435,6.3,Under way using engine
2026-08-21T04:56:59Z,219000811,54.898627,11.427600,8.4,Under way using engine
2026-08-21T04:57:08Z,219000809,54.916068,11.360067,0.0,Under way using engine
2026-08-21T04:57:14Z,219002177,54.916533,11.366930,6.3,Under way using engine
2026-08-21T04:57:29Z,219000811,54.898143,11.429418,8.4,Under way using engine
2026-08-21T04:57:40Z,219000809,54.916078,11.360060,0.0,Under way using engine
2026-08-21T04:57:44Z,219002177,54.916422,11.365377,6.6,Under way using engine
2026-08-21T04:57:59Z,219000811,54.897652,11.431310,8.4,Under way using engine
2026-08-21T04:58:10Z,219000809,54.916077,11.360062,0.0,Under way using engine
2026-08-21T04:58:15Z,219002177,54.916292,11.363717,6.8,Under way using engine
2026-08-21T04:58:30Z,219000811,54.897153,11.433200,8.4,Under way using engine
2026-08-21T04:58:40Z,219000809,54.916082,11.360068,0.0,Under way using engine
2026-08-21T04:58:54Z,219002177,54.916220,11.361872,4.9,Under way using engine
2026-08-21T04:59:08Z,219000811,54.896517,11.435612,8.4,Under way using engine
2026-08-21T04:59:10Z,219000809,54.916080,11.360062,0.0,Under way using engine
2026-08-21T04:59:25Z,219002177,54.916308,11.361092,2.4,Under way using engine
2026-08-21T04:59:39Z,219000811,54.896015,11.437497,8.5,Under way using engine
2026-08-21T04:59:40Z,219000809,54.916080,11.360050,0.0,Under way using engine
2026-08-21T05:00:03Z,219002177,54.916348,11.360677,0.8,Under way using engine
2026-08-21T05:00:10Z,219000809,54.916075,11.360042,0.0,Under way using engine
2026-08-21T05:00:16Z,219000811,54.895215,11.439515,8.3,Under way using engine
2026-08-21T05:00:33Z,219002177,54.916350,11.360545,0.3,Under way using engine
2026-08-21T05:00:40Z,219000809,54.916070,11.360038,0.0,Under way using engine
2026-08-21T05:00:48Z,219000811,54.894448,11.441268,8.5,Under way using engine
2026-08-21T05:01:03Z,219002177,54.916358,11.360552,0.0,Under way using engine
2026-08-21T05:01:20Z,219000809,54.916070,11.360043,0.0,Under way using engine
2026-08-21T05:01:20Z,219000811,54.893705,11.442980,8.5,Under way using engine
2026-08-21T05:01:33Z,219002177,54.916352,11.360585,0.0,Under way using engine
2026-08-21T05:01:50Z,219000811,54.892977,11.444655,8.5,Under way using engine
2026-08-21T05:02:00Z,219000809,54.916055,11.360063,0.0,Under way using engine
2026-08-21T05:02:04Z,219002177,54.916363,11.360582,0.0,Under way using engine
2026-08-21T05:02:20Z,219000811,54.892283,11.446193,8.5,Under way using engine
2026-08-21T05:02:34Z,219002177,54.916358,11.360577,0.0,Under way using engine
2026-08-21T05:02:40Z,219000809,54.916073,11.360043,0.0,Under way using engine
2026-08-21T05:02:50Z,219000811,54.891550,11.447853,8.5,Under way using engine
2026-08-21T05:03:04Z,219002177,54.916373,11.360560,0.0,Under way using engine
2026-08-21T05:03:20Z,219000809,54.916072,11.360045,0.0,Under way using engine
2026-08-21T05:03:20Z,219000811,54.890840,11.449438,8.5,Under way using engine
2026-08-21T05:03:34Z,219002177,54.916372,11.360558,0.0,Under way using engine
2026-08-21T05:03:50Z,219000811,54.890095,11.451083,8.5,Under way using engine
2026-08-21T05:04:00Z,219000809,54.916067,11.360057,0.0,Under way using engine
2026-08-21T05:04:04Z,219002177,54.916360,11.360563,0.0,Under way using engine
2026-08-21T05:04:20Z,219000811,54.889373,11.452693,8.5,Under way using engine
2026-08-21T05:04:34Z,219002177,54.916363,11.360553,0.0,Under way using engine
2026-08-21T05:04:40Z,219000809,54.916063,11.360037,0.0,Under way using engine
2026-08-21T05:04:50Z,219000811,54.888648,11.454297,8.5,Under way using engine
2026-08-21T05:05:04Z,219002177,54.916355,11.360565,0.0,Under way using engine
2026-08-21T05:05:19Z,219000809,54.916062,11.360093,0.4,Under way using engine
2026-08-21T05:05:20Z,219000811,54.887888,11.455827,8.4,Under way using engine
2026-08-21T05:05:34Z,219002177,54.916347,11.360565,0.0,Under way using engine
2026-08-21T05:05:50Z,219000809,54.916062,11.360475,2.4,Under way using engine
2026-08-21T05:05:50Z,219000811,54.887010,11.457183,8.5,Under way using engine
2026-08-21T05:06:04Z,219002177,54.916335,11.360555,0.0,Under way using engine
2026-08-21T05:06:20Z,219000811,54.886092,11.458545,8.6,Under way using engine
2026-08-21T05:06:23Z,219000809,54.916167,11.361883,6.8,Under way using engine
2026-08-21T05:06:34Z,219002177,54.916333,11.360547,0.0,Under way using engine
2026-08-21T05:06:50Z,219000811,54.885182,11.459880,8.7,Under way using engine
2026-08-21T05:06:59Z,219000809,54.916395,11.364153,8.3,Under way using engine
2026-08-21T05:07:05Z,219002177,54.916345,11.360553,0.0,Under way using engine
2026-08-21T05:07:20Z,219000811,54.884262,11.461222,8.7,Under way using engine
2026-08-21T05:07:29Z,219000809,54.916585,11.366192,8.7,Under way using engine
2026-08-21T05:07:44Z,219002177,54.916353,11.360555,0.0,Under way using engine
2026-08-21T05:07:50Z,219000811,54.883343,11.462593,8.8,Under way using engine
2026-08-21T05:07:59Z,219000809,54.916732,11.368308,8.9,Under way using engine
2026-08-21T05:08:14Z,219002177,54.916352,11.360547,0.0,Under way using engine
2026-08-21T05:08:20Z,219000811,54.882425,11.463955,8.7,Under way using engine
2026-08-21T05:08:29Z,219000809,54.916937,11.370538,9.1,Under way using engine
2026-08-21T05:08:44Z,219002177,54.916347,11.360555,0.0,Under way using engine
2026-08-21T05:08:50Z,219000811,54.881493,11.465305,8.5,Under way using engine
2026-08-21T05:09:03Z,219000809,54.916968,11.372925,9.0,Under way using engine
2026-08-21T05:09:14Z,219002177,54.916342,11.360557,0.0,Under way using engine
2026-08-21T05:09:20Z,219000811,54.880863,11.466958,8.3,Under way using engine
2026-08-21T05:09:33Z,219000809,54.916382,11.374790,9.0,Under way using engine
2026-08-21T05:09:44Z,219002177,54.916337,11.360542,0.0,Under way using engine
2026-08-21T05:09:50Z,219000811,54.880730,11.468887,8.1,Under way using engine
2026-08-21T05:10:11Z,219000809,54.915398,11.377075,9.5,Under way using engine
2026-08-21T05:10:14Z,219002177,54.916337,11.360525,0.0,Under way using engine
2026-08-21T05:10:20Z,219000811,54.880688,11.470837,8.2,Under way using engine
2026-08-21T05:10:44Z,219002177,54.916340,11.360650,1.3,Under way using engine
2026-08-21T05:10:49Z,219000809,54.914375,11.379495,10.0,Under way using engine
2026-08-21T05:10:50Z,219000811,54.880653,11.472787,8.1,Under way using engine
2026-08-21T05:11:14Z,219002177,54.916320,11.361545,4.6,Under way using engine
2026-08-21T05:11:20Z,219000809,54.913498,11.381597,10.1,Under way using engine
2026-08-21T05:11:30Z,219000811,54.880632,11.475455,8.1,Under way using engine
2026-08-21T05:11:44Z,219002177,54.916317,11.362943,6.1,Under way using engine
2026-08-21T05:11:59Z,219000809,54.912442,11.384120,10.2,Under way using engine
2026-08-21T05:12:00Z,219000811,54.880648,11.477312,8.1,Under way using engine
2026-08-21T05:12:14Z,219002177,54.916398,11.364535,6.9,Under way using engine
2026-08-21T05:12:29Z,219000809,54.911610,11.386230,10.3,Under way using engine
2026-08-21T05:12:30Z,219000811,54.880735,11.479253,8.1,Under way using engine
2026-08-21T05:12:44Z,219002177,54.916512,11.366275,7.4,Under way using engine
2026-08-21T05:12:59Z,219000809,54.910815,11.388198,10.3,Under way using engine
2026-08-21T05:13:00Z,219000811,54.881358,11.480883,8.0,Under way using engine
2026-08-21T05:13:14Z,219002177,54.916677,11.368100,7.8,Under way using engine
2026-08-21T05:13:29Z,219000809,54.909987,11.390318,10.3,Under way using engine
2026-08-21T05:13:30Z,219000811,54.882207,11.481888,7.3,Under way using engine
2026-08-21T05:13:53Z,219002177,54.917002,11.370490,7.3,Under way using engine
2026-08-21T05:13:59Z,219000809,54.909210,11.392310,10.4,Under way using engine
2026-08-21T05:14:00Z,219000811,54.882963,11.482608,6.0,Under way using engine
2026-08-21T05:14:23Z,219002177,54.917773,11.371227,6.4,Under way using engine
2026-08-21T05:14:29Z,219000809,54.908460,11.394523,10.2,Under way using engine
2026-08-21T05:14:30Z,219000811,54.883537,11.483112,4.6,Under way using engine
2026-08-21T05:14:53Z,219002177,54.918737,11.371397,7.2,Under way using engine
2026-08-21T05:14:59Z,219000809,54.908308,11.396740,9.4,Under way using engine
2026-08-21T05:15:00Z,219000811,54.883922,11.483302,2.8,Under way using engine
2026-08-21T05:15:23Z,219002177,54.919757,11.371612,7.5,Under way using engine
2026-08-21T05:15:29Z,219000809,54.908970,11.398787,9.5,Under way using engine
2026-08-21T05:15:30Z,219000811,54.884138,11.483328,1.5,Under way using engine
2026-08-21T05:15:53Z,219002177,54.920830,11.371720,7.9,Under way using engine
2026-08-21T05:15:59Z,219000809,54.909717,11.400592,9.6,Under way using engine
2026-08-21T05:16:00Z,219000811,54.884240,11.483303,0.7,Under way using engine
2026-08-21T05:16:24Z,219002177,54.921933,11.371833,8.0,Under way using engine
2026-08-21T05:16:30Z,219000809,54.910547,11.402613,9.7,Under way using engine
2026-08-21T05:16:30Z,219000811,54.884287,11.483287,0.3,Under way using engine
2026-08-21T05:17:03Z,219002177,54.923425,11.371957,8.1,Under way using engine
2026-08-21T05:17:09Z,219000809,54.911573,11.405062,9.7,Under way using engine
2026-08-21T05:17:09Z,219000811,54.884312,11.483288,0.1,Under way using engine
2026-08-21T05:17:34Z,219002177,54.924540,11.372040,8.0,Under way using engine
2026-08-21T05:17:39Z,219000811,54.884312,11.483288,0.0,Under way using engine
2026-08-21T05:17:40Z,219000809,54.912390,11.406910,9.7,Under way using engine
2026-08-21T05:18:14Z,219002177,54.926057,11.372168,8.1,Under way using engine
2026-08-21T05:18:19Z,219000809,54.913492,11.409317,9.7,Under way using engine
2026-08-21T05:18:19Z,219000811,54.884310,11.483288,0.0,Under way using engine
2026-08-21T05:18:44Z,219002177,54.927153,11.372268,8.1,Under way using engine
2026-08-21T05:18:50Z,219000809,54.914297,11.411245,9.8,Under way using engine
2026-08-21T05:18:50Z,219000811,54.884312,11.483288,0.0,Under way using engine
2026-08-21T05:19:14Z,219002177,54.928322,11.372362,8.1,Under way using engine
2026-08-21T05:19:30Z,219000809,54.915415,11.413842,9.8,Under way using engine
2026-08-21T05:19:30Z,219000811,54.884312,11.483288,0.0,Under way using engine
2026-08-21T05:19:44Z,219002177,54.929397,11.372348,8.0,Under way using engine
2026-08-21T05:20:08Z,219000811,54.884310,11.483290,0.0,Under way using engine
2026-08-21T05:20:10Z,219000809,54.916487,11.416302,9.7,Under way using engine
2026-08-21T05:20:14Z,219002177,54.930537,11.372322,8.0,Under way using engine
2026-08-21T05:20:39Z,219000811,54.884308,11.483292,0.0,Under way using engine
2026-08-21T05:20:40Z,219000809,54.917322,11.418202,9.9,Under way using engine
2026-08-21T05:20:44Z,219002177,54.931605,11.372187,8.0,Under way using engine
2026-08-21T05:21:10Z,219000809,54.918187,11.420087,9.9,Under way using engine
2026-08-21T05:21:14Z,219002177,54.932743,11.372043,7.9,Under way using engine
2026-08-21T05:21:19Z,219000811,54.884308,11.483290,0.0,Under way using engine
2026-08-21T05:21:40Z,219000809,54.918997,11.421978,9.9,Under way using engine
2026-08-21T05:21:44Z,219002177,54.933763,11.371848,7.5,Under way using engine
2026-08-21T05:21:50Z,219000811,54.884310,11.483287,0.0,Under way using engine
2026-08-21T05:22:10Z,219000809,54.919830,11.423873,9.8,Under way using engine
2026-08-21T05:22:14Z,219002177,54.934747,11.371545,6.5,Under way using engine
2026-08-21T05:22:30Z,219000811,54.884312,11.483287,0.0,Under way using engine
2026-08-21T05:22:40Z,219000809,54.920658,11.425742,9.9,Under way using engine
2026-08-21T05:22:44Z,219002177,54.935435,11.371567,4.5,Under way using engine
2026-08-21T05:23:00Z,219000811,54.884312,11.483287,0.0,Under way using engine
2026-08-21T05:23:10Z,219000809,54.921517,11.427623,9.8,Under way using engine
2026-08-21T05:23:30Z,219000811,54.884312,11.483287,0.0,Under way using engine
2026-08-21T05:23:35Z,219002177,54.935895,11.371940,1.1,Under way using engine
2026-08-21T05:23:40Z,219000809,54.922342,11.429475,9.9,Under way using engine
2026-08-21T05:24:00Z,219000811,54.884312,11.483285,0.0,Under way using engine
2026-08-21T05:24:10Z,219000809,54.923168,11.431348,9.6,Under way using engine
2026-08-21T05:24:25Z,219002177,54.935968,11.371993,0.0,Under way using engine
2026-08-21T05:24:30Z,219000811,54.884312,11.483287,0.0,Under way using engine
2026-08-21T05:24:40Z,219000809,54.923967,11.433215,9.9,Under way using engine
2026-08-21T05:25:04Z,219002177,54.935968,11.371977,0.0,Under way using engine
2026-08-21T05:25:10Z,219000809,54.924823,11.435088,9.9,Under way using engine
2026-08-21T05:25:10Z,219000811,54.884310,11.483287,0.0,Under way using engine
2026-08-21T05:25:34Z,219002177,54.935982,11.372000,0.0,Under way using engine
2026-08-21T05:25:40Z,219000809,54.925685,11.436927,9.8,Under way using engine
2026-08-21T05:25:50Z,219000811,54.884307,11.483287,0.0,Under way using engine
2026-08-21T05:26:04Z,219002177,54.935968,11.372000,0.0,Under way using engine
2026-08-21T05:26:10Z,219000809,54.926547,11.438772,9.8,Under way using engine
2026-08-21T05:26:28Z,219000811,54.884303,11.483283,0.0,Under way using engine
2026-08-21T05:26:34Z,219002177,54.935957,11.371997,0.0,Under way using engine
2026-08-21T05:26:40Z,219000809,54.927382,11.440580,9.8,Under way using engine
2026-08-21T05:26:59Z,219000811,54.884303,11.483282,0.0,Under way using engine
2026-08-21T05:27:10Z,219000809,54.928242,11.442465,9.8,Under way using engine
2026-08-21T05:27:14Z,219002177,54.935973,11.372012,0.0,Under way using engine
2026-08-21T05:27:40Z,219000809,54.929062,11.444323,9.8,Under way using engine
2026-08-21T05:27:40Z,219000811,54.884305,11.483285,0.0,Under way using engine
2026-08-21T05:27:55Z,219002177,54.935955,11.372000,0.0,Under way using engine
2026-08-21T05:28:10Z,219000809,54.929908,11.446140,9.5,Under way using engine
2026-08-21T05:28:10Z,219000811,54.884305,11.483285,0.0,Under way using engine
2026-08-21T05:28:25Z,219002177,54.935992,11.372023,0.0,Under way using engine
2026-08-21T05:28:40Z,219000809,54.930738,11.447923,9.8,Under way using engine
2026-08-21T05:28:40Z,219000811,54.884303,11.483285,0.0,Under way using engine
2026-08-21T05:28:55Z,219002177,54.935973,11.371993,0.0,Under way using engine
2026-08-21T05:29:10Z,219000809,54.931600,11.449783,9.8,Under way using engine
2026-08-21T05:29:10Z,219000811,54.884277,11.483290,0.1,Under way using engine
2026-08-21T05:29:25Z,219002177,54.935957,11.371985,0.0,Under way using engine
2026-08-21T05:29:40Z,219000809,54.932437,11.451615,9.8,Under way using engine
2026-08-21T05:29:40Z,219000811,54.884000,11.483328,2.1,Under way using engine
2026-08-21T05:30:10Z,219000809,54.933202,11.453555,9.8,Under way using engine
2026-08-21T05:30:13Z,219000811,54.883612,11.483443,2.5,Under way using engine
2026-08-21T05:30:14Z,219002177,54.935943,11.371972,0.0,Under way using engine
2026-08-21T05:30:43Z,219000811,54.883365,11.483342,1.8,Under way using engine
2026-08-21T05:30:50Z,219000809,54.934075,11.456368,9.7,Under way using engine
2026-08-21T05:30:54Z,219002177,54.935947,11.371975,0.0,Under way using engine
2026-08-21T05:31:13Z,219000811,54.882740,11.482662,5.6,Under way using engine
2026-08-21T05:31:30Z,219000809,54.934862,11.459125,9.4,Under way using engine
2026-08-21T05:31:35Z,219002177,54.935947,11.371975,0.0,Under way using engine
2026-08-21T05:31:50Z,219000811,54.881672,11.481442,7.3,Under way using engine
2026-08-21T05:32:10Z,219000809,54.935642,11.461703,9.3,Under way using engine
2026-08-21T05:32:13Z,219002177,54.935953,11.371990,0.0,Under way using engine
2026-08-21T05:32:26Z,219000811,54.880813,11.479990,7.1,Under way using engine
2026-08-21T05:32:43Z,219002177,54.935852,11.371915,1.7,Under way using engine
2026-08-21T05:32:50Z,219000809,54.936433,11.464393,9.2,Under way using engine
2026-08-21T05:32:56Z,219000811,54.880833,11.478330,7.2,Under way using engine
2026-08-21T05:33:13Z,219002177,54.935377,11.371663,4.4,Under way using engine
2026-08-21T05:33:29Z,219000811,54.880868,11.476310,7.6,Under way using engine
2026-08-21T05:33:30Z,219000809,54.937180,11.466932,9.1,Under way using engine
2026-08-21T05:33:43Z,219002177,54.934658,11.371312,5.7,Under way using engine
2026-08-21T05:34:00Z,219000811,54.880898,11.474388,7.7,Under way using engine
2026-08-21T05:34:10Z,219000809,54.937957,11.469518,9.1,Under way using engine
2026-08-21T05:34:13Z,219002177,54.933757,11.371408,6.9,Under way using engine
2026-08-21T05:34:39Z,219000811,54.880922,11.471967,7.8,Under way using engine
2026-08-21T05:34:40Z,219000809,54.938527,11.471453,9.0,Under way using engine
2026-08-21T05:34:43Z,219002177,54.932742,11.371540,7.6,Under way using engine
2026-08-21T05:35:09Z,219000811,54.880940,11.470045,7.8,Under way using engine
2026-08-21T05:35:10Z,219000809,54.939097,11.473397,9.0,Under way using engine
2026-08-21T05:35:13Z,219002177,54.931658,11.371675,8.0,Under way using engine
2026-08-21T05:35:39Z,219000811,54.880935,11.468255,7.8,Under way using engine
2026-08-21T05:35:40Z,219000809,54.939845,11.475088,8.9,Under way using engine
2026-08-21T05:35:43Z,219002177,54.930540,11.371807,8.1,Under way using engine
2026-08-21T05:36:09Z,219000811,54.880965,11.466398,7.6,Under way using engine
2026-08-21T05:36:10Z,219000809,54.940685,11.476625,8.8,Under way using engine
2026-08-21T05:36:14Z,219002177,54.929407,11.371963,8.3,Under way using engine
2026-08-21T05:36:39Z,219000811,54.881428,11.464983,7.0,Under way using engine
2026-08-21T05:36:40Z,219000809,54.941570,11.478133,9.0,Under way using engine
2026-08-21T05:36:54Z,219002177,54.927863,11.372153,8.4,Under way using engine
2026-08-21T05:37:09Z,219000811,54.882252,11.463802,7.2,Under way using engine
2026-08-21T05:37:10Z,219000809,54.942433,11.479668,9.0,Under way using engine
2026-08-21T05:37:25Z,219002177,54.926665,11.372338,8.4,Under way using engine
2026-08-21T05:37:39Z,219000811,54.883017,11.462692,7.4,Under way using engine
2026-08-21T05:37:40Z,219000809,54.943432,11.480955,8.9,Under way using engine
2026-08-21T05:38:05Z,219002177,54.925128,11.372597,8.3,Under way using engine
2026-08-21T05:38:09Z,219000811,54.883855,11.461550,7.5,Under way using engine
2026-08-21T05:38:13Z,219000809,54.944738,11.481673,9.0,Under way using engine
2026-08-21T05:38:39Z,219000811,54.884645,11.460478,7.5,Under way using engine
2026-08-21T05:38:44Z,219002177,54.923640,11.372862,8.3,Under way using engine
2026-08-21T05:38:50Z,219000809,54.946243,11.482442,9.2,Under way using engine
2026-08-21T05:39:09Z,219000811,54.885478,11.459343,7.5,Under way using engine
2026-08-21T05:39:14Z,219002177,54.922498,11.373050,8.3,Under way using engine
2026-08-21T05:39:20Z,219000809,54.947500,11.483033,9.1,Under way using engine
2026-08-21T05:39:39Z,219000811,54.886295,11.458235,7.5,Under way using engine
2026-08-21T05:39:44Z,219002177,54.921353,11.373172,8.2,Under way using engine
2026-08-21T05:39:50Z,219000809,54.948673,11.483657,9.2,Under way using engine
2026-08-21T05:40:09Z,219000811,54.887145,11.457092,7.6,Under way using engine
2026-08-21T05:40:14Z,219002177,54.920227,11.373175,8.1,Under way using engine
2026-08-21T05:40:20Z,219000809,54.949933,11.484323,9.2,Under way using engine
2026-08-21T05:40:40Z,219000811,54.887992,11.455987,7.6,Under way using engine
2026-08-21T05:40:44Z,219002177,54.919137,11.373007,7.7,Under way using engine
2026-08-21T05:40:50Z,219000809,54.951098,11.484950,9.1,Under way using engine
2026-08-21T05:41:15Z,219002177,54.918095,11.372533,7.4,Under way using engine
2026-08-21T05:41:20Z,219000809,54.952333,11.485625,9.1,Under way using engine
2026-08-21T05:41:20Z,219000811,54.889083,11.454450,7.6,Under way using engine
2026-08-21T05:41:50Z,219000809,54.953503,11.486270,9.1,Under way using engine
2026-08-21T05:41:53Z,219000811,54.889787,11.452922,7.6,Under way using engine
2026-08-21T05:41:54Z,219002177,54.917090,11.371190,6.9,Under way using engine
2026-08-21T05:42:20Z,219000809,54.954708,11.486932,9.1,Under way using engine
2026-08-21T05:42:23Z,219000811,54.890408,11.451620,7.6,Under way using engine
2026-08-21T05:42:25Z,219002177,54.916808,11.369568,6.9,Under way using engine
2026-08-21T05:42:50Z,219000809,54.955900,11.487578,9.0,Under way using engine
2026-08-21T05:42:59Z,219000811,54.891237,11.449738,7.6,Under way using engine
2026-08-21T05:43:05Z,219002177,54.916605,11.367303,7.2,Under way using engine
2026-08-21T05:43:20Z,219000809,54.957070,11.488190,8.8,Under way using engine
2026-08-21T05:43:29Z,219000811,54.891907,11.448265,7.6,Under way using engine
2026-08-21T05:43:35Z,219002177,54.916457,11.365560,7.4,Under way using engine
2026-08-21T05:43:50Z,219000809,54.958267,11.488820,9.1,Under way using engine
2026-08-21T05:43:59Z,219000811,54.892470,11.446720,7.6,Under way using engine
2026-08-21T05:44:15Z,219002177,54.916297,11.363202,7.1,Under way using engine
2026-08-21T05:44:20Z,219000809,54.959468,11.489445,9.1,Under way using engine
2026-08-21T05:44:29Z,219000811,54.892998,11.445218,7.6,Under way using engine
2026-08-21T05:44:50Z,219000809,54.960633,11.490270,9.1,Under way using engine
2026-08-21T05:44:54Z,219002177,54.916270,11.361442,4.7,Under way using engine
2026-08-21T05:45:09Z,219000811,54.893740,11.443123,7.6,Under way using engine
2026-08-21T05:45:20Z,219000809,54.961745,11.491368,9.3,Under way using engine
2026-08-21T05:45:24Z,219002177,54.916328,11.360857,1.7,Under way using engine
2026-08-21T05:45:40Z,219000811,54.894308,11.441437,7.6,Under way using engine
2026-08-21T05:46:00Z,219000809,54.963212,11.492875,9.1,Under way using engine
2026-08-21T05:46:04Z,219002177,54.916350,11.360602,0.6,Under way using engine
2026-08-21T05:46:20Z,219000811,54.894937,11.439245,7.6,Under way using engine
2026-08-21T05:46:30Z,219000809,54.964287,11.494068,9.2,Under way using engine
2026-08-21T05:46:35Z,219002177,54.916348,11.360557,0.0,Under way using engine
2026-08-21T05:46:59Z,219000811,54.895550,11.437115,7.6,Under way using engine
2026-08-21T05:47:00Z,219000809,54.965330,11.495333,9.2,Under way using engine
2026-08-21T05:47:13Z,219002177,54.916362,11.360550,0.0,Under way using engine
2026-08-21T05:47:29Z,219000811,54.896007,11.435533,7.6,Under way using engine
2026-08-21T05:47:30Z,219000809,54.966403,11.496602,9.5,Under way using engine
2026-08-21T05:47:44Z,219002177,54.916353,11.360550,0.0,Under way using engine
2026-08-21T05:47:59Z,219000811,54.896495,11.433853,7.6,Under way using engine
2026-08-21T05:48:00Z,219000809,54.967470,11.497917,9.3,Under way using engine
2026-08-21T05:48:25Z,219002177,54.916340,11.360538,0.0,Under way using engine
2026-08-21T05:48:29Z,219000811,54.896978,11.432197,7.6,Under way using engine
2026-08-21T05:48:30Z,219000809,54.968447,11.499363,9.4,Under way using engine
2026-08-21T05:49:00Z,219000809,54.969418,11.500900,9.3,Under way using engine
2026-08-21T05:49:04Z,219002177,54.916352,11.360547,0.0,Under way using engine
2026-08-21T05:49:09Z,219000811,54.897620,11.429983,7.7,Under way using engine
2026-08-21T05:49:30Z,219000809,54.970332,11.502480,9.4,Under way using engine
2026-08-21T05:49:35Z,219002177,54.916357,11.360547,0.0,Under way using engine
2026-08-21T05:49:40Z,219000811,54.898120,11.428283,7.7,Under way using engine
2026-08-21T05:50:00Z,219000809,54.971208,11.504085,9.1,Under way using engine
2026-08-21T05:50:13Z,219002177,54.916345,11.360528,0.0,Under way using engine
2026-08-21T05:50:19Z,219000811,54.898752,11.426128,7.7,Under way using engine
2026-08-21T05:50:30Z,219000809,54.971967,11.505757,8.8,Under way using engine
2026-08-21T05:50:44Z,219002177,54.916345,11.360528,0.0,Under way using engine
2026-08-21T05:50:50Z,219000811,54.899243,11.424430,7.7,Under way using engine
2026-08-21T05:51:00Z,219000809,54.972153,11.507755,8.5,Under way using engine
2026-08-21T05:51:25Z,219002177,54.916340,11.360532,0.0,Under way using engine
2026-08-21T05:51:29Z,219000811,54.899880,11.422288,7.7,Under way using engine
2026-08-21T05:51:30Z,219000809,54.972017,11.509827,8.6,Under way using engine
2026-08-21T05:51:59Z,219000811,54.900367,11.420617,7.7,Under way using engine
2026-08-21T05:52:03Z,219002177,54.916342,11.360540,0.0,Under way using engine
2026-08-21T05:52:10Z,219000809,54.971863,11.512185,6.6,Under way using engine
2026-08-21T05:52:29Z,219000811,54.900823,11.418962,7.7,Under way using engine
2026-08-21T05:52:35Z,219002177,54.916342,11.360538,0.0,Under way using engine
2026-08-21T05:52:40Z,219000809,54.971878,11.513457,4.6,Under way using engine
2026-08-21T05:52:59Z,219000811,54.901282,11.417247,7.7,Under way using engine
2026-08-21T05:53:10Z,219000809,54.971888,11.514168,2.2,Under way using engine
2026-08-21T05:53:15Z,219002177,54.916343,11.360538,0.0,Under way using engine
2026-08-21T05:53:29Z,219000811,54.901720,11.415587,7.6,Under way using engine
2026-08-21T05:53:40Z,219000809,54.971887,11.514428,0.8,Under way using engine
2026-08-21T05:53:54Z,219002177,54.916353,11.360553,0.0,Under way using engine
2026-08-21T05:53:59Z,219000811,54.902140,11.413937,7.6,Under way using engine
2026-08-21T05:54:10Z,219000809,54.971893,11.514557,0.2,Under way using engine
2026-08-21T05:54:24Z,219002177,54.916350,11.360545,0.0,Under way using engine
2026-08-21T05:54:38Z,219000811,54.902695,11.411708,7.6,Under way using engine
2026-08-21T05:54:40Z,219000809,54.971907,11.514598,0.0,Under way using engine
2026-08-21T05:54:54Z,219002177,54.916345,11.360548,0.0,Under way using engine
2026-08-21T05:55:09Z,219000811,54.903097,11.410032,7.6,Under way using engine
2026-08-21T05:55:10Z,219000809,54.971903,11.514598,0.1,Under way using engine
2026-08-21T05:55:24Z,219002177,54.916340,11.360535,0.0,Under way using engine
2026-08-21T05:55:40Z,219000809,54.971907,11.514592,0.0,Under way using engine
2026-08-21T05:55:49Z,219000811,54.903637,11.407777,7.6,Under way using engine
2026-08-21T05:56:05Z,219002177,54.916332,11.360790,2.0,Under way using engine
2026-08-21T05:56:10Z,219000809,54.971913,11.514605,0.0,Under way using engine
2026-08-21T05:56:19Z,219000811,54.904018,11.406073,7.5,Under way using engine
2026-08-21T05:56:40Z,219000809,54.971923,11.514638,0.0,Under way using engine
2026-08-21T05:56:43Z,219002177,54.916282,11.362065,5.0,Under way using engine
2026-08-21T05:56:49Z,219000811,54.904392,11.404415,7.4,Under way using engine
2026-08-21T05:57:10Z,219000809,54.971910,11.514600,0.0,Under way using engine
2026-08-21T05:57:15Z,219002177,54.916337,11.363568,6.1,Under way using engine
2026-08-21T05:57:19Z,219000811,54.904758,11.402720,7.3,Under way using engine
2026-08-21T05:57:40Z,219000809,54.971907,11.514592,0.0,Under way using engine
2026-08-21T05:57:50Z,219000811,54.905103,11.401072,7.3,Under way using engine
2026-08-21T05:57:53Z,219002177,54.916477,11.365605,7.0,Under way using engine
2026-08-21T05:58:10Z,219000809,54.971905,11.514597,0.0,Under way using engine
2026-08-21T05:58:24Z,219002177,54.916647,11.367330,7.4,Under way using engine
2026-08-21T05:58:28Z,219000811,54.905552,11.398853,7.3,Under way using engine
2026-08-21T05:58:49Z,219000809,54.971908,11.514593,0.0,Under way using engine
2026-08-21T05:58:59Z,219000811,54.905865,11.397197,7.4,Under way using engine
2026-08-21T05:59:05Z,219002177,54.916895,11.369722,7.3,Under way using engine
2026-08-21T05:59:20Z,219000809,54.971910,11.514590,0.0,Under way using engine
2026-08-21T05:59:38Z,219000811,54.906290,11.395005,7.4,Under way using engine
2026-08-21T05:59:43Z,219002177,54.917568,11.371195,5.8,Under way using engine
2026-08-21T05:59:59Z,219000809,54.971908,11.514597,0.0,Under way using engine
2026-08-21T06:00:10Z,219000811,54.906913,11.393565,7.2,Under way using engine
2026-08-21T06:00:14Z,219002177,54.918337,11.371305,5.8,Under way using engine
2026-08-21T06:00:30Z,219000809,54.971912,11.514600,0.0,Under way using engine
2026-08-21T06:00:40Z,219000811,54.907645,11.392307,7.4,Under way using engine
2026-08-21T06:00:55Z,219002177,54.919522,11.371343,6.4,Under way using engine
2026-08-21T06:01:10Z,219000809,54.971913,11.514593,0.0,Under way using engine
2026-08-21T06:01:10Z,219000811,54.908395,11.390997,7.4,Under way using engine
2026-08-21T06:01:33Z,219002177,54.920717,11.371378,6.8,Under way using engine
2026-08-21T06:01:40Z,219000811,54.909107,11.389777,7.5,Under way using engine
2026-08-21T06:01:49Z,219000809,54.971910,11.514597,0.0,Under way using engine
2026-08-21T06:02:05Z,219002177,54.921715,11.371433,7.1,Under way using engine
2026-08-21T06:02:10Z,219000811,54.909848,11.388490,7.5,Under way using engine
2026-08-21T06:02:20Z,219000809,54.971913,11.514603,0.0,Under way using engine
2026-08-21T06:02:40Z,219000811,54.910597,11.387158,7.5,Under way using engine
2026-08-21T06:02:43Z,219002177,54.923003,11.371517,7.1,Under way using engine
2026-08-21T06:02:59Z,219000809,54.971912,11.514607,0.0,Under way using engine
2026-08-21T06:03:10Z,219000811,54.911278,11.385810,7.5,Under way using engine
2026-08-21T06:03:14Z,219002177,54.923988,11.371615,7.1,Under way using engine
2026-08-21T06:03:30Z,219000809,54.971902,11.514608,0.0,Under way using engine
2026-08-21T06:03:40Z,219000811,54.911973,11.384393,7.7,Under way using engine
2026-08-21T06:03:55Z,219002177,54.925312,11.371622,6.9,Under way using engine
2026-08-21T06:04:10Z,219000809,54.971907,11.514605,0.0,Under way using engine
2026-08-21T06:04:19Z,219000811,54.912885,11.382512,7.8,Under way using engine
2026-08-21T06:04:35Z,219002177,54.926587,11.371657,6.9,Under way using engine
2026-08-21T06:04:49Z,219000811,54.913553,11.381117,7.8,Under way using engine
2026-08-21T06:04:50Z,219000809,54.971907,11.514610,0.0,Under way using engine
2026-08-21T06:05:14Z,219002177,54.927838,11.371670,6.9,Under way using engine
2026-08-21T06:05:19Z,219000811,54.914298,11.379567,7.9,Under way using engine
2026-08-21T06:05:30Z,219000809,54.971915,11.514592,0.0,Under way using engine
2026-08-21T06:05:50Z,219000811,54.915007,11.378073,7.9,Under way using engine
2026-08-21T06:05:55Z,219002177,54.929150,11.371673,7.0,Under way using engine
2026-08-21T06:06:00Z,219000809,54.971908,11.514585,0.0,Under way using engine
2026-08-21T06:06:24Z,219000811,54.915677,11.376645,8.0,Under way using engine
2026-08-21T06:06:30Z,219000809,54.971900,11.514582,0.0,Under way using engine
2026-08-21T06:06:35Z,219002177,54.930450,11.371663,7.0,Under way using engine
2026-08-21T06:07:00Z,219000809,54.971897,11.514590,0.0,Under way using engine
2026-08-21T06:07:00Z,219000811,54.916668,11.374588,8.2,Under way using engine
2026-08-21T06:07:24Z,219002177,54.932030,11.371692,6.9,Under way using engine
2026-08-21T06:07:30Z,219000809,54.971897,11.514583,0.0,Under way using engine
2026-08-21T06:07:33Z,219000811,54.917003,11.372575,8.0,Under way using engine
2026-08-21T06:07:55Z,219002177,54.933022,11.371643,6.9,Under way using engine
2026-08-21T06:08:00Z,219000809,54.971902,11.514573,0.0,Under way using engine
2026-08-21T06:08:03Z,219000811,54.916950,11.370618,8.0,Under way using engine
2026-08-21T06:08:30Z,219000809,54.971910,11.514580,0.0,Under way using engine
2026-08-21T06:08:35Z,219002177,54.934258,11.371507,6.5,Under way using engine
2026-08-21T06:08:39Z,219000811,54.916830,11.368270,8.1,Under way using engine
2026-08-21T06:09:00Z,219000809,54.971923,11.514583,0.0,Under way using engine
2026-08-21T06:09:19Z,219000811,54.916625,11.365663,8.2,Under way using engine
2026-08-21T06:09:24Z,219002177,54.935473,11.371607,4.4,Under way using engine
2026-08-21T06:09:30Z,219000809,54.971920,11.514582,0.1,Under way using engine
2026-08-21T06:09:50Z,219000811,54.916422,11.363563,8.2,Under way using engine
2026-08-21T06:09:55Z,219002177,54.935838,11.371892,2.2,Under way using engine
2026-08-21T06:10:00Z,219000809,54.971908,11.514590,0.0,Under way using engine
2026-08-21T06:10:28Z,219000811,54.916227,11.361443,6.6,Under way using engine
2026-08-21T06:10:30Z,219000809,54.971907,11.514605,0.0,Under way using engine
2026-08-21T06:10:34Z,219002177,54.935958,11.371992,0.1,Under way using engine
2026-08-21T06:10:59Z,219000811,54.916083,11.360552,3.8,Under way using engine
2026-08-21T06:11:00Z,219000809,54.971908,11.514593,0.0,Under way using engine
2026-08-21T06:11:04Z,219002177,54.935962,11.371998,0.1,Under way using engine
2026-08-21T06:11:30Z,219000809,54.971912,11.514467,1.3,Under way using engine
2026-08-21T06:11:33Z,219000811,54.915942,11.360595,0.9,Under way using engine
2026-08-21T06:11:34Z,219002177,54.935957,11.372000,0.0,Under way using engine
2026-08-21T06:12:00Z,219000809,54.971893,11.513698,2.9,Under way using engine
2026-08-21T06:12:06Z,219000811,54.915975,11.360578,0.4,Under way using engine
2026-08-21T06:12:15Z,219002177,54.935967,11.371988,0.0,Under way using engine
2026-08-21T06:12:33Z,219000809,54.971747,11.513203,1.8,Under way using engine
2026-08-21T06:12:36Z,219000811,54.915995,11.360427,0.7,Under way using engine
2026-08-21T06:12:45Z,219002177,54.935975,11.371992,0.0,Under way using engine
2026-08-21T06:13:03Z,219000809,54.971707,11.513005,1.7,Under way using engine
2026-08-21T06:13:09Z,219000811,54.916023,11.360228,0.7,Under way using engine
2026-08-21T06:13:15Z,219002177,54.935973,11.372003,0.0,Under way using engine
2026-08-21T06:13:33Z,219000809,54.971893,11.511675,6.9,Under way using engine
2026-08-21T06:13:39Z,219000811,54.916045,11.360098,0.5,Under way using engine
2026-08-21T06:13:45Z,219002177,54.935975,11.372002,0.0,Under way using engine
2026-08-21T06:14:09Z,219000809,54.972047,11.509348,8.4,Under way using engine
2026-08-21T06:14:09Z,219000811,54.916055,11.360003,0.4,Under way using engine
2026-08-21T06:14:15Z,219002177,54.935972,11.372005,0.0,Under way using engine
2026-08-21T06:14:39Z,219000809,54.972202,11.507222,8.6,Under way using engine
2026-08-21T06:14:39Z,219000811,54.916057,11.359978,0.1,Under way using engine
2026-08-21T06:14:45Z,219002177,54.935962,11.371997,0.0,Under way using engine
2026-08-21T06:15:09Z,219000809,54.971928,11.505340,8.5,Under way using engine
2026-08-21T06:15:09Z,219000811,54.916055,11.359980,0.0,Under way using engine
2026-08-21T06:15:25Z,219002177,54.935947,11.371995,0.0,Under way using engine
2026-08-21T06:15:39Z,219000809,54.971122,11.503702,8.9,Under way using engine
2026-08-21T06:15:39Z,219000811,54.916053,11.359980,0.0,Under way using engine
2026-08-21T06:16:04Z,219002177,54.935960,11.371987,0.0,Under way using engine
2026-08-21T06:16:09Z,219000809,54.970237,11.502265,9.1,Under way using engine
2026-08-21T06:16:09Z,219000811,54.916052,11.359982,0.0,Under way using engine
2026-08-21T06:16:34Z,219002177,54.935975,11.371980,0.0,Under way using engine
2026-08-21T06:16:39Z,219000809,54.969192,11.500818,9.3,Under way using engine
2026-08-21T06:16:39Z,219000811,54.916050,11.359983,0.0,Under way using engine
2026-08-21T06:17:04Z,219002177,54.935978,11.371992,0.0,Under way using engine
2026-08-21T06:17:09Z,219000809,54.968167,11.499492,9.5,Under way using engine
2026-08-21T06:17:09Z,219000811,54.916050,11.359985,0.0,Under way using engine
2026-08-21T06:17:34Z,219002177,54.935968,11.372000,0.0,Under way using engine
2026-08-21T06:17:39Z,219000809,54.967117,11.498012,9.4,Under way using engine
2026-08-21T06:17:50Z,219000811,54.916052,11.359985,0.0,Under way using engine
2026-08-21T06:18:04Z,219002177,54.935977,11.371985,0.0,Under way using engine
2026-08-21T06:18:09Z,219000809,54.966105,11.496675,9.4,Under way using engine
2026-08-21T06:18:24Z,219000811,54.916053,11.359985,0.0,Under way using engine
2026-08-21T06:18:34Z,219002177,54.935945,11.372000,0.0,Under way using engine
2026-08-21T06:18:39Z,219000809,54.965060,11.495223,9.3,Under way using engine
2026-08-21T06:19:00Z,219000811,54.916057,11.359982,0.0,Under way using engine
2026-08-21T06:19:04Z,219002177,54.935960,11.371987,0.0,Under way using engine
2026-08-21T06:19:09Z,219000809,54.964058,11.493928,9.3,Under way using engine
2026-08-21T06:19:30Z,219000811,54.916058,11.359980,0.0,Under way using engine
2026-08-21T06:19:34Z,219002177,54.935962,11.371993,0.0,Under way using engine
2026-08-21T06:19:39Z,219000809,54.962960,11.492508,9.5,Under way using engine
2026-08-21T06:20:00Z,219000811,54.916058,11.359978,0.0,Under way using engine
2026-08-21T06:20:04Z,219002177,54.935973,11.371987,0.0,Under way using engine
2026-08-21T06:20:09Z,219000809,54.961948,11.491157,9.6,Under way using engine
2026-08-21T06:20:30Z,219000811,54.916058,11.359978,0.0,Under way using engine
2026-08-21T06:20:34Z,219002177,54.935970,11.371985,0.0,Under way using engine
2026-08-21T06:20:39Z,219000809,54.960695,11.490232,9.6,Under way using engine
2026-08-21T06:21:00Z,219000811,54.916057,11.359977,0.0,Under way using engine
2026-08-21T06:21:09Z,219000809,54.959477,11.489518,9.5,Under way using engine
2026-08-21T06:21:14Z,219002177,54.935957,11.372005,0.0,Under way using engine
2026-08-21T06:21:30Z,219000811,54.916053,11.359977,0.0,Under way using engine
2026-08-21T06:21:39Z,219000809,54.958190,11.488783,9.7,Under way using engine
2026-08-21T06:21:44Z,219002177,54.935978,11.372003,0.0,Under way using engine
2026-08-21T06:22:00Z,219000811,54.916052,11.359977,0.0,Under way using engine
2026-08-21T06:22:09Z,219000809,54.956910,11.488048,9.6,Under way using engine
2026-08-21T06:22:14Z,219002177,54.935955,11.372013,0.0,Under way using engine
2026-08-21T06:22:30Z,219000811,54.916050,11.359980,0.0,Under way using engine
2026-08-21T06:22:39Z,219000809,54.955628,11.487392,9.7,Under way using engine
2026-08-21T06:22:44Z,219002177,54.935972,11.372007,0.0,Under way using engine
2026-08-21T06:23:00Z,219000811,54.916048,11.359983,0.0,Under way using engine
2026-08-21T06:23:09Z,219000809,54.954317,11.486762,9.8,Under way using engine
2026-08-21T06:23:14Z,219002177,54.935973,11.371995,0.0,Under way using engine
2026-08-21T06:23:30Z,219000811,54.916048,11.359983,0.0,Under way using engine
2026-08-21T06:23:39Z,219000809,54.953017,11.486138,9.7,Under way using engine
2026-08-21T06:23:44Z,219002177,54.935950,11.371998,0.0,Under way using engine
2026-08-21T06:24:00Z,219000811,54.916050,11.359985,0.0,Under way using engine
2026-08-21T06:24:09Z,219000809,54.951725,11.485530,9.7,Under way using engine
2026-08-21T06:24:14Z,219002177,54.935970,11.371997,0.0,Under way using engine
2026-08-21T06:24:38Z,219000811,54.916050,11.359987,0.0,Under way using engine
2026-08-21T06:24:39Z,219000809,54.950437,11.484890,9.7,Under way using engine
2026-08-21T06:24:44Z,219002177,54.935953,11.372005,0.0,Under way using engine
2026-08-21T06:25:09Z,219000809,54.949140,11.484278,9.6,Under way using engine
2026-08-21T06:25:09Z,219000811,54.916050,11.359985,0.0,Under way using engine
2026-08-21T06:25:14Z,219002177,54.935973,11.372002,0.0,Under way using engine
2026-08-21T06:25:39Z,219000809,54.947877,11.483625,9.5,Under way using engine
2026-08-21T06:25:44Z,219002177,54.935962,11.372007,0.0,Under way using engine
2026-08-21T06:25:48Z,219000811,54.916047,11.359983,0.0,Under way using engine
2026-08-21T06:26:09Z,219000809,54.946613,11.482980,9.5,Under way using engine
2026-08-21T06:26:14Z,219002177,54.935983,11.371992,0.0,Under way using engine
2026-08-21T06:26:20Z,219000811,54.916045,11.359980,0.0,Under way using engine
2026-08-21T06:26:39Z,219000809,54.945348,11.482305,9.4,Under way using engine
2026-08-21T06:26:44Z,219002177,54.935967,11.372000,0.0,Under way using engine
2026-08-21T06:27:00Z,219000811,54.916043,11.359978,0.0,Under way using engine
2026-08-21T06:27:10Z,219000809,54.944100,11.481508,9.3,Under way using engine
2026-08-21T06:27:14Z,219002177,54.935958,11.372002,0.1,Under way using engine
2026-08-21T06:27:38Z,219000811,54.916045,11.359978,0.0,Under way using engine
2026-08-21T06:27:43Z,219000809,54.942880,11.480378,9.0,Under way using engine
2026-08-21T06:27:44Z,219002177,54.935958,11.372012,0.0,Under way using engine
2026-08-21T06:28:09Z,219000811,54.916047,11.359978,0.0,Under way using engine
2026-08-21T06:28:13Z,219000809,54.941988,11.478847,9.1,Under way using engine
2026-08-21T06:28:14Z,219002177,54.935957,11.372013,0.0,Under way using engine
2026-08-21T06:28:44Z,219002177,54.935982,11.371988,0.0,Under way using engine
2026-08-21T06:28:48Z,219000811,54.916045,11.359977,0.0,Under way using engine
2026-08-21T06:28:50Z,219000809,54.940890,11.476933,9.2,Under way using engine
2026-08-21T06:29:14Z,219002177,54.935968,11.371997,0.0,Under way using engine
2026-08-21T06:29:20Z,219000809,54.939948,11.475400,9.1,Under way using engine
2026-08-21T06:29:20Z,219000811,54.916042,11.359975,0.0,Under way using engine
2026-08-21T06:29:44Z,219002177,54.935982,11.371997,0.0,Under way using engine
2026-08-21T06:29:53Z,219000809,54.939105,11.473525,9.1,Under way using engine
2026-08-21T06:30:00Z,219000811,54.916038,11.359978,0.0,Under way using engine
2026-08-21T06:30:14Z,219002177,54.935965,11.371997,0.0,Under way using engine
2026-08-21T06:30:23Z,219000809,54.938518,11.471558,9.2,Under way using engine
2026-08-21T06:30:40Z,219000811,54.916037,11.359980,0.0,Under way using engine
2026-08-21T06:30:44Z,219002177,54.935985,11.372005,0.0,Under way using engine
2026-08-21T06:31:00Z,219000809,54.937805,11.469110,9.2,Under way using engine
2026-08-21T06:31:14Z,219002177,54.935980,11.372010,0.0,Under way using engine
2026-08-21T06:31:20Z,219000811,54.916037,11.359978,0.0,Under way using engine
2026-08-21T06:31:39Z,219000809,54.937052,11.466527,9.3,Under way using engine
2026-08-21T06:31:44Z,219002177,54.935973,11.372000,0.0,Under way using engine
2026-08-21T06:31:50Z,219000811,54.916040,11.359978,0.0,Under way using engine
2026-08-21T06:32:10Z,219000809,54.936443,11.464455,9.3,Under way using engine
2026-08-21T06:32:14Z,219002177,54.935975,11.371997,0.0,Under way using engine
2026-08-21T06:32:20Z,219000811,54.916043,11.359978,0.0,Under way using engine
2026-08-21T06:32:44Z,219002177,54.935967,11.372007,0.0,Under way using engine
2026-08-21T06:32:50Z,219000809,54.935718,11.461757,9.3,Under way using engine
2026-08-21T06:32:50Z,219000811,54.916045,11.359980,0.0,Under way using engine
2026-08-21T06:33:15Z,219002177,54.935993,11.371992,0.0,Under way using engine
2026-08-21T06:33:20Z,219000809,54.935122,11.459757,9.3,Under way using engine
2026-08-21T06:33:20Z,219000811,54.916047,11.359980,0.0,Under way using engine
2026-08-21T06:33:50Z,219000809,54.934558,11.457713,9.4,Under way using engine
2026-08-21T06:33:50Z,219000811,54.916047,11.359982,0.0,Under way using engine
2026-08-21T06:33:55Z,219002177,54.935948,11.372003,0.0,Under way using engine
2026-08-21T06:34:20Z,219000809,54.933915,11.455745,9.4,Under way using engine
2026-08-21T06:34:20Z,219000811,54.916048,11.359983,0.0,Under way using engine
2026-08-21T06:34:33Z,219002177,54.935948,11.371993,0.0,Under way using engine
2026-08-21T06:34:50Z,219000809,54.933310,11.453783,9.3,Under way using engine
2026-08-21T06:34:59Z,219000811,54.916050,11.359985,0.0,Under way using engine
2026-08-21T06:35:04Z,219002177,54.935967,11.371987,0.1,Under way using engine
2026-08-21T06:35:21Z,219000809,54.932522,11.451898,9.3,Under way using engine
2026-08-21T06:35:30Z,219000811,54.916053,11.359982,0.0,Under way using engine
2026-08-21T06:35:44Z,219002177,54.935955,11.372003,0.0,Under way using engine
2026-08-21T06:35:59Z,219000809,54.931485,11.449612,9.3,Under way using engine
2026-08-21T06:36:09Z,219000811,54.916058,11.359982,0.0,Under way using engine
2026-08-21T06:36:15Z,219002177,54.935930,11.371957,0.9,Under way using engine
2026-08-21T06:36:29Z,219000809,54.930708,11.447910,9.3,Under way using engine
2026-08-21T06:36:40Z,219000811,54.916060,11.359983,0.0,Under way using engine
2026-08-21T06:36:53Z,219002177,54.935420,11.371627,3.9,Under way using engine
2026-08-21T06:37:00Z,219000809,54.929880,11.446130,9.0,Under way using engine
2026-08-21T06:37:19Z,219000811,54.916060,11.359985,0.0,Under way using engine
2026-08-21T06:37:24Z,219002177,54.934768,11.371150,5.1,Under way using engine
2026-08-21T06:37:39Z,219000809,54.928872,11.443832,9.3,Under way using engine
2026-08-21T06:37:49Z,219000811,54.916060,11.359980,0.0,Under way using engine
2026-08-21T06:38:04Z,219002177,54.933743,11.371153,6.1,Under way using engine
2026-08-21T06:38:09Z,219000809,54.928083,11.442053,9.3,Under way using engine
2026-08-21T06:38:19Z,219000811,54.916058,11.359978,0.0,Under way using engine
2026-08-21T06:38:39Z,219000809,54.927313,11.440268,9.3,Under way using engine
2026-08-21T06:38:44Z,219002177,54.932502,11.371218,6.9,Under way using engine
2026-08-21T06:38:49Z,219000811,54.916055,11.359977,0.0,Under way using engine
2026-08-21T06:39:09Z,219000809,54.926485,11.438520,9.3,Under way using engine
2026-08-21T06:39:19Z,219000811,54.916053,11.359973,0.0,Under way using engine
2026-08-21T06:39:24Z,219002177,54.931125,11.371288,7.2,Under way using engine
2026-08-21T06:39:39Z,219000809,54.925698,11.436748,9.3,Under way using engine
2026-08-21T06:39:49Z,219000811,54.916048,11.359972,0.0,Under way using engine
2026-08-21T06:40:04Z,219002177,54.929798,11.371323,7.3,Under way using engine
2026-08-21T06:40:10Z,219000809,54.924845,11.434937,9.3,Under way using engine
2026-08-21T06:40:19Z,219000811,54.916047,11.359970,0.0,Under way using engine
2026-08-21T06:40:34Z,219002177,54.928747,11.371360,7.5,Under way using engine
2026-08-21T06:40:49Z,219000809,54.923845,11.432588,9.4,Under way using engine
2026-08-21T06:40:49Z,219000811,54.916048,11.359972,0.0,Under way using engine
2026-08-21T06:41:04Z,219002177,54.927752,11.371462,7.6,Under way using engine
2026-08-21T06:41:19Z,219000811,54.916050,11.359973,0.0,Under way using engine
2026-08-21T06:41:21Z,219000809,54.922992,11.430740,9.1,Under way using engine
2026-08-21T06:41:34Z,219002177,54.926652,11.371585,7.6,Under way using engine
2026-08-21T06:41:49Z,219000811,54.916052,11.359973,0.0,Under way using engine
2026-08-21T06:42:00Z,219000809,54.921940,11.428440,9.4,Under way using engine
2026-08-21T06:42:04Z,219002177,54.925637,11.371658,7.6,Under way using engine
2026-08-21T06:42:19Z,219000811,54.916055,11.359978,0.0,Under way using engine
2026-08-21T06:42:34Z,219002177,54.924537,11.371765,7.7,Under way using engine
2026-08-21T06:42:39Z,219000809,54.920878,11.426182,9.3,Under way using engine
2026-08-21T06:42:50Z,219000811,54.916057,11.359982,0.0,Under way using engine
2026-08-21T06:43:10Z,219000809,54.920048,11.424367,9.3,Under way using engine
2026-08-21T06:43:23Z,219002177,54.922835,11.371955,7.5,Under way using engine
2026-08-21T06:43:28Z,219000811,54.916055,11.359985,0.0,Under way using engine
2026-08-21T06:43:49Z,219000809,54.919012,11.422088,9.3,Under way using engine
2026-08-21T06:43:54Z,219002177,54.921780,11.372057,7.3,Under way using engine
2026-08-21T06:43:59Z,219000811,54.916053,11.359987,0.0,Under way using engine
2026-08-21T06:44:19Z,219000809,54.918227,11.420280,9.4,Under way using engine
2026-08-21T06:44:34Z,219002177,54.920473,11.372172,7.1,Under way using engine
2026-08-21T06:44:39Z,219000811,54.916055,11.359988,0.0,Under way using engine
2026-08-21T06:44:49Z,219000809,54.917413,11.418515,9.5,Under way using engine
2026-08-21T06:45:10Z,219000811,54.916057,11.359987,0.0,Under way using engine
2026-08-21T06:45:13Z,219002177,54.919240,11.372202,7.0,Under way using engine
2026-08-21T06:45:19Z,219000809,54.916617,11.416722,9.3,Under way using engine
2026-08-21T06:45:44Z,219002177,54.918210,11.372172,6.9,Under way using engine
2026-08-21T06:45:49Z,219000809,54.915810,11.414978,9.4,Under way using engine
2026-08-21T06:45:50Z,219000811,54.916058,11.359987,0.0,Under way using engine
2026-08-21T06:46:19Z,219000809,54.914997,11.413178,9.5,Under way using engine
2026-08-21T06:46:23Z,219002177,54.917148,11.371362,6.2,Under way using engine
2026-08-21T06:46:30Z,219000811,54.916062,11.359987,0.0,Under way using engine
2026-08-21T06:46:49Z,219000809,54.914177,11.411385,9.5,Under way using engine
2026-08-21T06:46:54Z,219002177,54.916868,11.370077,5.8,Under way using engine
2026-08-21T06:47:10Z,219000811,54.916062,11.359987,0.0,Under way using engine
2026-08-21T06:47:20Z,219000809,54.913365,11.409495,9.5,Under way using engine
2026-08-21T06:47:24Z,219002177,54.916762,11.368643,6.2,Under way using engine
2026-08-21T06:47:49Z,219000811,54.916060,11.359985,0.0,Under way using engine
2026-08-21T06:47:50Z,219000809,54.912570,11.407652,9.6,Under way using engine
2026-08-21T06:47:54Z,219002177,54.916637,11.367125,6.5,Under way using engine
2026-08-21T06:48:20Z,219000809,54.911783,11.405828,9.5,Under way using engine
2026-08-21T06:48:20Z,219000811,54.916058,11.359985,0.0,Under way using engine
2026-08-21T06:48:24Z,219002177,54.916487,11.365565,6.6,Under way using engine
2026-08-21T06:48:50Z,219000809,54.911033,11.403915,9.6,Under way using engine
2026-08-21T06:48:54Z,219002177,54.916325,11.363955,6.7,Under way using engine
2026-08-21T06:48:59Z,219000811,54.916055,11.359980,0.0,Under way using engine
2026-08-21T06:49:20Z,219000809,54.910287,11.402017,9.6,Under way using engine
2026-08-21T06:49:24Z,219002177,54.916208,11.362508,5.6,Under way using engine
2026-08-21T06:49:30Z,219000811,54.916055,11.359978,0.0,Under way using engine
2026-08-21T06:49:50Z,219000809,54.909577,11.400085,9.5,Under way using engine
2026-08-21T06:49:54Z,219002177,54.916283,11.361475,3.7,Under way using engine
2026-08-21T06:50:09Z,219000811,54.916055,11.359978,0.0,Under way using engine
2026-08-21T06:50:20Z,219000809,54.908948,11.398063,9.5,Under way using engine
2026-08-21T06:50:24Z,219002177,54.916347,11.360870,1.9,Under way using engine
2026-08-21T06:50:39Z,219000811,54.916052,11.359980,0.0,Under way using engine
2026-08-21T06:50:50Z,219000809,54.908403,11.396038,9.2,Under way using engine
2026-08-21T06:50:54Z,219002177,54.916345,11.360598,0.8,Under way using engine
2026-08-21T06:51:09Z,219000811,54.916048,11.359978,0.0,Under way using engine
2026-08-21T06:51:20Z,219000809,54.908497,11.393915,8.9,Under way using engine
2026-08-21T06:51:24Z,219002177,54.916352,11.360547,0.3,Under way using engine
2026-08-21T06:51:39Z,219000811,54.916048,11.359983,0.0,Under way using engine
2026-08-21T06:51:53Z,219000809,54.909207,11.391853,9.2,Under way using engine
2026-08-21T06:51:54Z,219002177,54.916335,11.360532,0.0,Under way using engine
2026-08-21T06:52:09Z,219000811,54.916047,11.359985,0.0,Under way using engine
2026-08-21T06:52:24Z,219002177,54.916347,11.360562,0.0,Under way using engine
2026-08-21T06:52:29Z,219000809,54.910135,11.389705,9.4,Under way using engine
2026-08-21T06:52:39Z,219000811,54.916047,11.359988,0.0,Under way using engine
2026-08-21T06:52:54Z,219002177,54.916345,11.360537,0.0,Under way using engine
2026-08-21T06:53:00Z,219000809,54.910943,11.387850,9.4,Under way using engine
2026-08-21T06:53:09Z,219000811,54.916047,11.359987,0.0,Under way using engine
2026-08-21T06:53:30Z,219000809,54.911723,11.386043,9.4,Under way using engine
2026-08-21T06:53:34Z,219002177,54.916348,11.360532,0.0,Under way using engine
2026-08-21T06:53:39Z,219000811,54.916045,11.359988,0.0,Under way using engine
2026-08-21T06:54:00Z,219000809,54.912505,11.384250,9.3,Under way using engine
2026-08-21T06:54:04Z,219002177,54.916343,11.360542,0.0,Under way using engine
2026-08-21T06:54:09Z,219000811,54.916043,11.359988,0.0,Under way using engine
2026-08-21T06:54:30Z,219000809,54.913273,11.382432,9.3,Under way using engine
2026-08-21T06:54:34Z,219002177,54.916347,11.360550,0.0,Under way using engine
2026-08-21T06:54:39Z,219000811,54.916045,11.359988,0.0,Under way using engine
2026-08-21T06:55:00Z,219000809,54.914058,11.380630,9.4,Under way using engine
2026-08-21T06:55:04Z,219002177,54.916343,11.360543,0.0,Under way using engine
2026-08-21T06:55:09Z,219000811,54.916047,11.359992,0.0,Under way using engine
2026-08-21T06:55:30Z,219000809,54.914763,11.378932,7.9,Under way using engine
2026-08-21T06:55:34Z,219002177,54.916335,11.360550,0.0,Under way using engine
2026-08-21T06:55:39Z,219000811,54.916050,11.359993,0.0,Under way using engine
2026-08-21T06:56:00Z,219000809,54.915332,11.377597,6.5,Under way using engine
2026-08-21T06:56:04Z,219002177,54.916347,11.360555,0.0,Under way using engine
2026-08-21T06:56:09Z,219000811,54.916052,11.359993,0.0,Under way using engine
2026-08-21T06:56:30Z,219000809,54.915827,11.376477,5.7,Under way using engine
2026-08-21T06:56:34Z,219002177,54.916350,11.360557,0.0,Under way using engine
2026-08-21T06:56:39Z,219000811,54.916048,11.359995,0.0,Under way using engine
2026-08-21T06:57:00Z,219000809,54.916298,11.375422,5.5,Under way using engine
2026-08-21T06:57:04Z,219002177,54.916348,11.360565,0.0,Under way using engine
2026-08-21T06:57:09Z,219000811,54.916048,11.359997,0.0,Under way using engine
2026-08-21T06:57:30Z,219000809,54.916695,11.374557,3.9,Under way using engine
2026-08-21T06:57:34Z,219002177,54.916347,11.360558,0.0,Under way using engine
2026-08-21T06:57:39Z,219000811,54.916050,11.360002,0.1,Under way using engine
2026-08-21T06:58:00Z,219000809,54.916890,11.374085,1.9,Under way using engine
2026-08-21T06:58:09Z,219000811,54.916050,11.360013,0.1,Under way using engine
2026-08-21T06:58:14Z,219002177,54.916330,11.360535,0.0,Under way using engine
2026-08-21T06:58:30Z,219000809,54.916988,11.373827,1.1,Under way using engine
2026-08-21T06:58:39Z,219000811,54.916035,11.360188,0.7,Under way using engine
2026-08-21T06:58:54Z,219002177,54.916350,11.360550,0.0,Under way using engine
2026-08-21T06:59:00Z,219000809,54.917060,11.373703,0.6,Under way using engine
2026-08-21T06:59:09Z,219000811,54.916020,11.360937,3.1,Under way using engine
2026-08-21T06:59:30Z,219000809,54.917132,11.373730,0.6,Under way using engine
2026-08-21T06:59:34Z,219002177,54.916347,11.360557,0.0,Under way using engine
2026-08-21T06:59:39Z,219000811,54.916133,11.362313,6.1,Under way using engine
2026-08-21T07:00:00Z,219000809,54.917195,11.373795,0.6,Under way using engine
2026-08-21T07:00:09Z,219000811,54.916288,11.363935,6.7,Under way using engine
2026-08-21T07:00:15Z,219002177,54.916350,11.360570,0.0,Under way using engine
2026-08-21T07:00:30Z,219000809,54.917278,11.373858,0.6,Under way using engine
2026-08-21T07:00:39Z,219000811,54.916362,11.365040,4.6,Under way using engine
2026-08-21T07:00:54Z,219002177,54.916342,11.360550,0.0,Under way using engine
2026-08-21T07:01:00Z,219000809,54.917332,11.373648,2.1,Under way using engine
2026-08-21T07:01:09Z,219000811,54.916440,11.366278,5.1,Under way using engine
2026-08-21T07:01:30Z,219000809,54.917278,11.372740,4.6,Under way using engine
2026-08-21T07:01:34Z,219002177,54.916337,11.360553,0.0,Under way using engine
2026-08-21T07:01:39Z,219000811,54.916317,11.367787,6.4,Under way using engine
2026-08-21T07:02:00Z,219000809,54.917012,11.370933,8.5,Under way using engine
2026-08-21T07:02:16Z,219000811,54.915970,11.370195,8.6,Under way using engine
2026-08-21T07:02:23Z,219002177,54.916342,11.360568,0.0,Under way using engine
2026-08-21T07:02:30Z,219000809,54.916833,11.368745,9.3,Under way using engine
2026-08-21T07:02:46Z,219000811,54.915987,11.372343,9.0,Under way using engine
2026-08-21T07:02:54Z,219002177,54.916340,11.360558,0.0,Under way using engine
2026-08-21T07:03:00Z,219000809,54.916595,11.366523,9.4,Under way using engine
2026-08-21T07:03:19Z,219000811,54.915972,11.374788,9.2,Under way using engine
2026-08-21T07:03:30Z,219000809,54.916380,11.364283,9.4,Under way using engine
2026-08-21T07:03:34Z,219002177,54.916352,11.360575,0.0,Under way using engine
2026-08-21T07:03:50Z,219000811,54.915562,11.377005,9.2,Under way using engine
2026-08-21T07:04:00Z,219000809,54.916237,11.362107,8.8,Under way using engine
2026-08-21T07:04:23Z,219000811,54.914778,11.379072,9.5,Under way using engine
2026-08-21T07:04:23Z,219002177,54.916350,11.360560,0.0,Under way using engine
2026-08-21T07:04:33Z,219000809,54.915927,11.360587,4.1,Under way using engine
2026-08-21T07:04:54Z,219002177,54.916337,11.360813,2.1,Under way using engine
2026-08-21T07:04:59Z,219000811,54.913697,11.381168,9.8,Under way using engine
2026-08-21T07:05:03Z,219000809,54.915868,11.360493,0.2,Under way using engine
2026-08-21T07:05:29Z,219000811,54.912743,11.382960,9.9,Under way using engine
2026-08-21T07:05:33Z,219000809,54.915943,11.360392,0.9,Under way using engine
2026-08-21T07:05:34Z,219002177,54.916308,11.362287,5.4,Under way using engine
2026-08-21T07:05:59Z,219000811,54.911820,11.384672,9.8,Under way using engine
2026-08-21T07:06:03Z,219000809,54.916007,11.360232,0.6,Under way using engine
2026-08-21T07:06:23Z,219002177,54.916428,11.364758,7.0,Under way using engine
2026-08-21T07:06:29Z,219000811,54.910945,11.386287,9.3,Under way using engine
2026-08-21T07:06:33Z,219000809,54.916057,11.360147,0.5,Under way using engine
2026-08-21T07:06:54Z,219002177,54.916595,11.366557,7.5,Under way using engine
2026-08-21T07:06:59Z,219000811,54.910080,11.387877,9.1,Under way using engine
2026-08-21T07:07:10Z,219000809,54.916077,11.360043,0.1,Under way using engine
2026-08-21T07:07:29Z,219000811,54.909170,11.389443,9.1,Under way using engine
2026-08-21T07:07:34Z,219002177,54.916860,11.368983,7.8,Under way using engine
2026-08-21T07:07:40Z,219000809,54.916078,11.360062,0.0,Under way using engine
2026-08-21T07:07:59Z,219000811,54.908260,11.391012,9.1,Under way using engine
2026-08-21T07:08:10Z,219000809,54.916067,11.360030,0.0,Under way using engine
2026-08-21T07:08:15Z,219002177,54.917362,11.371280,7.0,Under way using engine
2026-08-21T07:08:29Z,219000811,54.907405,11.392483,9.1,Under way using engine
2026-08-21T07:08:50Z,219000809,54.916072,11.360017,0.0,Under way using engine
2026-08-21T07:08:54Z,219002177,54.918502,11.371680,6.7,Under way using engine
2026-08-21T07:09:09Z,219000811,54.906248,11.394593,9.1,Under way using engine
2026-08-21T07:09:24Z,219002177,54.919457,11.371723,7.3,Under way using engine
2026-08-21T07:09:29Z,219000809,54.916095,11.360047,0.0,Under way using engine
2026-08-21T07:09:43Z,219000811,54.905763,11.396877,8.8,Under way using engine
2026-08-21T07:09:54Z,219002177,54.920550,11.371732,7.7,Under way using engine
2026-08-21T07:09:59Z,219000809,54.916077,11.360035,0.0,Under way using engine
2026-08-21T07:10:20Z,219000811,54.905358,11.399462,9.0,Under way using engine
2026-08-21T07:10:24Z,219002177,54.921623,11.371777,8.1,Under way using engine
2026-08-21T07:10:29Z,219000809,54.916067,11.360070,0.0,Under way using engine
2026-08-21T07:10:50Z,219000811,54.905085,11.401508,9.1,Under way using engine
2026-08-21T07:10:54Z,219002177,54.922820,11.371788,8.3,Under way using engine
2026-08-21T07:10:59Z,219000809,54.916072,11.360042,0.0,Under way using engine
2026-08-21T07:11:20Z,219000811,54.904807,11.403703,9.0,Under way using engine
2026-08-21T07:11:24Z,219002177,54.923932,11.371840,8.3,Under way using engine
2026-08-21T07:11:29Z,219000809,54.916070,11.360050,0.0,Under way using engine
2026-08-21T07:11:50Z,219000811,54.904465,11.405792,9.1,Under way using engine
2026-08-21T07:11:54Z,219002177,54.925115,11.371890,8.2,Under way using engine
2026-08-21T07:11:59Z,219000809,54.916055,11.360020,0.0,Under way using engine
2026-08-21T07:12:20Z,219000811,54.904110,11.407943,9.1,Under way using engine
2026-08-21T07:12:24Z,219002177,54.926197,11.371805,8.2,Under way using engine
2026-08-21T07:12:29Z,219000809,54.916080,11.360043,0.0,Under way using engine
2026-08-21T07:12:50Z,219000811,54.903800,11.409965,9.1,Under way using engine
2026-08-21T07:12:54Z,219002177,54.927373,11.371775,8.1,Under way using engine
2026-08-21T07:12:59Z,219000809,54.916072,11.360040,0.0,Under way using engine
2026-08-21T07:13:20Z,219000811,54.903408,11.412038,9.1,Under way using engine
2026-08-21T07:13:25Z,219002177,54.928500,11.371707,8.2,Under way using engine
2026-08-21T07:13:29Z,219000809,54.916073,11.360053,0.1,Under way using engine
2026-08-21T07:13:50Z,219000811,54.902987,11.414182,9.2,Under way using engine
2026-08-21T07:13:59Z,219000809,54.916067,11.360068,0.0,Under way using engine
2026-08-21T07:14:04Z,219002177,54.929955,11.371612,8.1,Under way using engine
2026-08-21T07:14:20Z,219000811,54.902522,11.416203,9.1,Under way using engine
2026-08-21T07:14:29Z,219000809,54.916073,11.360083,0.0,Under way using engine
2026-08-21T07:14:34Z,219002177,54.931087,11.371625,8.1,Under way using engine
2026-08-21T07:14:50Z,219000811,54.901998,11.418172,9.0,Under way using engine
2026-08-21T07:15:00Z,219000809,54.916087,11.360118,0.1,Under way using engine
2026-08-21T07:15:04Z,219002177,54.932242,11.371612,8.0,Under way using engine
2026-08-21T07:15:20Z,219000811,54.901485,11.420148,9.1,Under way using engine
2026-08-21T07:15:34Z,219002177,54.933313,11.371590,8.0,Under way using engine
2026-08-21T07:15:39Z,219000809,54.916055,11.360075,0.1,Under way using engine
2026-08-21T07:15:50Z,219000811,54.900958,11.422113,9.1,Under way using engine
2026-08-21T07:16:05Z,219002177,54.934398,11.371480,7.4,Under way using engine
2026-08-21T07:16:09Z,219000809,54.916072,11.360090,0.0,Under way using engine
2026-08-21T07:16:20Z,219000811,54.900413,11.424158,9.1,Under way using engine
2026-08-21T07:16:39Z,219000809,54.916060,11.360058,0.0,Under way using engine
2026-08-21T07:16:45Z,219002177,54.935448,11.371565,4.5,Under way using engine
2026-08-21T07:16:50Z,219000811,54.899788,11.426038,9.1,Under way using engine
2026-08-21T07:17:09Z,219000809,54.916073,11.360048,0.0,Under way using engine
2026-08-21T07:17:20Z,219000811,54.899143,11.427972,9.0,Under way using engine
2026-08-21T07:17:24Z,219002177,54.935868,11.371915,1.7,Under way using engine
2026-08-21T07:17:39Z,219000809,54.916062,11.360043,0.1,Under way using engine
2026-08-21T07:17:55Z,219002177,54.935967,11.372022,0.5,Under way using engine
2026-08-21T07:17:59Z,219000811,54.898352,11.430325,9.0,Under way using engine
2026-08-21T07:18:09Z,219000809,54.916062,11.360050,0.0,Under way using engine
2026-08-21T07:18:30Z,219000811,54.897702,11.432223,9.0,Under way using engine
2026-08-21T07:18:35Z,219002177,54.935978,11.372002,0.0,Under way using engine
2026-08-21T07:18:39Z,219000809,54.916070,11.360058,0.0,Under way using engine
2026-08-21T07:19:05Z,219002177,54.935987,11.371990,0.0,Under way using engine
2026-08-21T07:19:09Z,219000809,54.916075,11.360028,0.0,Under way using engine
2026-08-21T07:19:09Z,219000811,54.896785,11.434585,8.9,Under way using engine
2026-08-21T07:19:35Z,219002177,54.935995,11.371988,0.1,Under way using engine
2026-08-21T07:19:39Z,219000809,54.916078,11.360043,0.0,Under way using engine
2026-08-21T07:19:39Z,219000811,54.896075,11.436347,9.0,Under way using engine
2026-08-21T07:20:05Z,219002177,54.936008,11.372008,0.0,Under way using engine
2026-08-21T07:20:09Z,219000809,54.916080,11.360050,0.0,Under way using engine
2026-08-21T07:20:09Z,219000811,54.895340,11.438175,9.0,Under way using engine
2026-08-21T07:20:35Z,219002177,54.936012,11.372008,0.0,Under way using engine
2026-08-21T07:20:39Z,219000809,54.916078,11.360062,0.0,Under way using engine
2026-08-21T07:20:39Z,219000811,54.894620,11.439937,9.0,Under way using engine
2026-08-21T07:21:05Z,219002177,54.935995,11.372015,0.0,Under way using engine
2026-08-21T07:21:09Z,219000809,54.916083,11.360055,0.0,Under way using engine
2026-08-21T07:21:09Z,219000811,54.893917,11.441702,9.0,Under way using engine
2026-08-21T07:21:35Z,219002177,54.936023,11.372020,0.0,Under way using engine
2026-08-21T07:21:39Z,219000809,54.916092,11.360023,0.0,Under way using engine
2026-08-21T07:21:39Z,219000811,54.893197,11.443467,9.0,Under way using engine
2026-08-21T07:22:05Z,219002177,54.935998,11.372017,0.0,Under way using engine
2026-08-21T07:22:09Z,219000811,54.892473,11.445223,9.0,Under way using engine
2026-08-21T07:22:10Z,219000809,54.916102,11.360053,0.1,Under way using engine
2026-08-21T07:22:40Z,219000809,54.916045,11.360712,4.8,Under way using engine
2026-08-21T07:22:40Z,219000811,54.891737,11.447057,9.0,Under way using engine
2026-08-21T07:22:44Z,219002177,54.936002,11.371997,0.2,Under way using engine
2026-08-21T07:23:10Z,219000809,54.916170,11.362438,7.8,Under way using engine
2026-08-21T07:23:14Z,219002177,54.935643,11.371747,4.4,Under way using engine
2026-08-21T07:23:18Z,219000811,54.890798,11.449363,9.1,Under way using engine
2026-08-21T07:23:40Z,219000809,54.916378,11.364440,8.7,Under way using engine
2026-08-21T07:23:44Z,219002177,54.934800,11.371222,7.2,Under way using engine
2026-08-21T07:23:48Z,219000811,54.890080,11.451132,9.1,Under way using engine
2026-08-21T07:24:10Z,219000809,54.916580,11.366547,9.0,Under way using engine
2026-08-21T07:24:14Z,219002177,54.933712,11.371028,8.4,Under way using engine
2026-08-21T07:24:19Z,219000811,54.889333,11.452968,9.1,Under way using engine
2026-08-21T07:24:40Z,219000809,54.916808,11.368718,9.1,Under way using engine
2026-08-21T07:24:44Z,219002177,54.932462,11.371108,9.2,Under way using engine
2026-08-21T07:24:49Z,219000811,54.888572,11.454568,8.9,Under way using engine
2026-08-21T07:25:10Z,219000809,54.917022,11.370860,9.1,Under way using engine
2026-08-21T07:25:14Z,219002177,54.931130,11.371120,9.5,Under way using engine
2026-08-21T07:25:19Z,219000811,54.887675,11.456142,8.9,Under way using engine
2026-08-21T07:25:40Z,219000809,54.917040,11.373012,8.9,Under way using engine
2026-08-21T07:25:44Z,219002177,54.929822,11.371152,9.6,Under way using engine
2026-08-21T07:25:49Z,219000811,54.886825,11.457575,8.9,Under way using engine
2026-08-21T07:26:10Z,219000809,54.916490,11.374870,8.8,Under way using engine
2026-08-21T07:26:14Z,219002177,54.928495,11.371205,9.6,Under way using engine
2026-08-21T07:26:19Z,219000811,54.885870,11.459155,8.9,Under way using engine
2026-08-21T07:26:40Z,219000809,54.915803,11.376673,9.1,Under way using engine
2026-08-21T07:26:44Z,219002177,54.927148,11.371330,9.6,Under way using engine
2026-08-21T07:26:49Z,219000811,54.884988,11.460590,9.0,Under way using engine
2026-08-21T07:27:10Z,219000809,54.915315,11.377863,9.1,Under way using engine
2026-08-21T07:27:15Z,219002177,54.925775,11.371453,9.6,Under way using engine
2026-08-21T07:27:19Z,219000811,54.884060,11.462078,9.0,Under way using engine
2026-08-21T07:27:40Z,219000809,54.914312,11.380362,9.7,Under way using engine
2026-08-21T07:27:49Z,219000811,54.883185,11.463502,9.1,Under way using engine
2026-08-21T07:27:53Z,219002177,54.924060,11.371645,9.5,Under way using engine
2026-08-21T07:28:10Z,219000809,54.913520,11.382298,9.9,Under way using engine
2026-08-21T07:28:19Z,219000811,54.882207,11.465095,9.1,Under way using engine
2026-08-21T07:28:25Z,219002177,54.922725,11.371810,9.4,Under way using engine
2026-08-21T07:28:40Z,219000809,54.912688,11.384205,9.9,Under way using engine
2026-08-21T07:28:49Z,219000811,54.881313,11.466537,9.0,Under way using engine
2026-08-21T07:28:55Z,219002177,54.921483,11.371823,9.1,Under way using engine
2026-08-21T07:29:10Z,219000809,54.911897,11.386103,9.9,Under way using engine
2026-08-21T07:29:19Z,219000811,54.880850,11.468355,8.6,Under way using engine
2026-08-21T07:29:25Z,219002177,54.920200,11.371920,8.9,Under way using engine
2026-08-21T07:29:40Z,219000809,54.911122,11.388050,9.9,Under way using engine
2026-08-21T07:29:50Z,219000811,54.880837,11.470463,8.5,Under way using engine
2026-08-21T07:30:05Z,219002177,54.918548,11.371993,8.9,Under way using engine
2026-08-21T07:30:10Z,219000809,54.910292,11.389947,9.9,Under way using engine
2026-08-21T07:30:25Z,219000811,54.880850,11.472553,8.7,Under way using engine
2026-08-21T07:30:40Z,219000809,54.909475,11.391890,9.9,Under way using engine
2026-08-21T07:30:44Z,219002177,54.917108,11.371135,8.1,Under way using engine
2026-08-21T07:31:00Z,219000811,54.880852,11.475343,8.6,Under way using engine
2026-08-21T07:31:10Z,219000809,54.908680,11.393823,9.8,Under way using engine
2026-08-21T07:31:15Z,219002177,54.916822,11.369287,8.2,Under way using engine
2026-08-21T07:31:33Z,219000811,54.881063,11.477558,8.5,Under way using engine
2026-08-21T07:31:40Z,219000809,54.908295,11.395953,9.1,Under way using engine
2026-08-21T07:31:54Z,219002177,54.916632,11.366623,8.7,Under way using engine
2026-08-21T07:32:03Z,219000811,54.881465,11.479545,8.6,Under way using engine
2026-08-21T07:32:10Z,219000809,54.908783,11.397953,9.3,Under way using engine
2026-08-21T07:32:25Z,219002177,54.916405,11.364480,8.8,Under way using engine
2026-08-21T07:32:38Z,219000811,54.882135,11.481580,8.3,Under way using engine
2026-08-21T07:32:40Z,219000809,54.909522,11.399810,9.4,Under way using engine
2026-08-21T07:33:05Z,219002177,54.916242,11.362015,6.4,Under way using engine
2026-08-21T07:33:09Z,219000811,54.882965,11.482675,6.9,Under way using engine
2026-08-21T07:33:10Z,219000809,54.910042,11.401010,9.4,Under way using engine
2026-08-21T07:33:40Z,219000809,54.911087,11.403407,9.4,Under way using engine
2026-08-21T07:33:43Z,219000811,54.883637,11.483168,4.6,Under way using engine
2026-08-21T07:33:44Z,219002177,54.916348,11.360920,2.1,Under way using engine
2026-08-21T07:34:10Z,219000809,54.911870,11.405250,9.4,Under way using engine
2026-08-21T07:34:13Z,219000811,54.883983,11.483300,2.3,Under way using engine
2026-08-21T07:34:14Z,219002177,54.916385,11.360652,0.8,Under way using engine
2026-08-21T07:34:40Z,219000809,54.912628,11.407055,9.4,Under way using engine
2026-08-21T07:34:43Z,219000811,54.884172,11.483317,1.3,Under way using engine
2026-08-21T07:34:44Z,219002177,54.916365,11.360545,0.2,Under way using engine
2026-08-21T07:35:10Z,219000809,54.913398,11.408920,9.5,Under way using engine
2026-08-21T07:35:14Z,219002177,54.916375,11.360570,0.0,Under way using engine
2026-08-21T07:35:18Z,219000811,54.884273,11.483297,0.5,Under way using engine
2026-08-21T07:35:40Z,219000809,54.914178,11.410712,9.5,Under way using engine
2026-08-21T07:35:44Z,219002177,54.916368,11.360562,0.0,Under way using engine
2026-08-21T07:35:50Z,219000811,54.884317,11.483288,0.3,Under way using engine
2026-08-21T07:36:10Z,219000809,54.914960,11.412570,9.5,Under way using engine
2026-08-21T07:36:14Z,219002177,54.916370,11.360540,0.0,Under way using engine
2026-08-21T07:36:23Z,219000811,54.884322,11.483287,0.0,Under way using engine
2026-08-21T07:36:40Z,219000809,54.915752,11.414430,9.6,Under way using engine
2026-08-21T07:36:44Z,219002177,54.916372,11.360545,0.0,Under way using engine
2026-08-21T07:37:09Z,219000811,54.884320,11.483287,0.0,Under way using engine
2026-08-21T07:37:10Z,219000809,54.916530,11.416283,9.5,Under way using engine
2026-08-21T07:37:14Z,219002177,54.916362,11.360542,0.0,Under way using engine
2026-08-21T07:37:40Z,219000809,54.917307,11.418163,9.7,Under way using engine
2026-08-21T07:37:44Z,219002177,54.916362,11.360558,0.0,Under way using engine
2026-08-21T07:37:50Z,219000811,54.884317,11.483288,0.0,Under way using engine
2026-08-21T07:38:10Z,219000809,54.918088,11.420075,9.7,Under way using engine
2026-08-21T07:38:14Z,219002177,54.916370,11.360583,0.0,Under way using engine
2026-08-21T07:38:30Z,219000811,54.884317,11.483288,0.0,Under way using engine
2026-08-21T07:38:40Z,219000809,54.918892,11.421913,9.7,Under way using engine
2026-08-21T07:38:44Z,219002177,54.916368,11.360585,0.1,Under way using engine
2026-08-21T07:39:10Z,219000809,54.919698,11.423775,9.7,Under way using engine
2026-08-21T07:39:10Z,219000811,54.884315,11.483287,0.0,Under way using engine
2026-08-21T07:39:14Z,219002177,54.916370,11.360545,0.0,Under way using engine
2026-08-21T07:39:44Z,219002177,54.916362,11.360552,0.0,Under way using engine
2026-08-21T07:39:49Z,219000809,54.920758,11.426203,9.8,Under way using engine
2026-08-21T07:39:50Z,219000811,54.884315,11.483285,0.0,Under way using engine
2026-08-21T07:40:14Z,219002177,54.916357,11.360557,0.1,Under way using engine
2026-08-21T07:40:20Z,219000809,54.921613,11.428112,9.7,Under way using engine
2026-08-21T07:40:30Z,219000811,54.884315,11.483287,0.0,Under way using engine
2026-08-21T07:40:44Z,219002177,54.916362,11.360593,0.0,Under way using engine
2026-08-21T07:41:00Z,219000809,54.922710,11.430628,9.9,Under way using engine
2026-08-21T07:41:00Z,219000811,54.884313,11.483290,0.0,Under way using engine
2026-08-21T07:41:14Z,219002177,54.916357,11.360587,0.1,Under way using engine
2026-08-21T07:41:30Z,219000809,54.923525,11.432457,9.7,Under way using engine
2026-08-21T07:41:30Z,219000811,54.884315,11.483293,0.0,Under way using engine
2026-08-21T07:41:55Z,219002177,54.916363,11.360553,0.0,Under way using engine
2026-08-21T07:42:00Z,219000811,54.884315,11.483293,0.0,Under way using engine
2026-08-21T07:42:09Z,219000809,54.924615,11.434830,9.9,Under way using engine
2026-08-21T07:42:25Z,219002177,54.916367,11.360573,0.0,Under way using engine
2026-08-21T07:42:30Z,219000811,54.884315,11.483290,0.0,Under way using engine
2026-08-21T07:42:39Z,219000809,54.925468,11.436687,9.9,Under way using engine
2026-08-21T07:43:00Z,219000811,54.884317,11.483285,0.0,Under way using engine
2026-08-21T07:43:09Z,219000809,54.926305,11.438600,9.8,Under way using engine
2026-08-21T07:43:14Z,219002177,54.916350,11.360577,0.1,Under way using engine
2026-08-21T07:43:30Z,219000811,54.884318,11.483285,0.0,Under way using engine
2026-08-21T07:43:39Z,219000809,54.927158,11.440445,9.8,Under way using engine
2026-08-21T07:43:54Z,219002177,54.916363,11.360575,0.0,Under way using engine
2026-08-21T07:44:00Z,219000811,54.884320,11.483283,0.0,Under way using engine
2026-08-21T07:44:09Z,219000809,54.927997,11.442295,9.8,Under way using engine
2026-08-21T07:44:24Z,219002177,54.916373,11.360578,0.0,Under way using engine
2026-08-21T07:44:30Z,219000811,54.884322,11.483285,0.0,Under way using engine
2026-08-21T07:44:39Z,219000809,54.928837,11.444130,9.8,Under way using engine
2026-08-21T07:44:54Z,219002177,54.916365,11.360572,0.0,Under way using engine
2026-08-21T07:45:00Z,219000811,54.884323,11.483288,0.0,Under way using engine
2026-08-21T07:45:09Z,219000809,54.929672,11.445935,9.5,Under way using engine
2026-08-21T07:45:24Z,219002177,54.916355,11.360572,0.0,Under way using engine
2026-08-21T07:45:30Z,219000811,54.884325,11.483292,0.0,Under way using engine
2026-08-21T07:45:39Z,219000809,54.930505,11.447685,9.6,Under way using engine
2026-08-21T07:45:54Z,219002177,54.916333,11.360572,0.0,Under way using engine
2026-08-21T07:46:00Z,219000811,54.884325,11.483295,0.0,Under way using engine
2026-08-21T07:46:09Z,219000809,54.931350,11.449500,9.8,Under way using engine
2026-08-21T07:46:24Z,219002177,54.916337,11.360557,0.0,Under way using engine
2026-08-21T07:46:30Z,219000811,54.884325,11.483298,0.0,Under way using engine
2026-08-21T07:46:39Z,219000809,54.932160,11.451418,9.7,Under way using engine
2026-08-21T07:46:54Z,219002177,54.916357,11.360553,0.0,Under way using engine
2026-08-21T07:47:00Z,219000811,54.884327,11.483300,0.0,Under way using engine
2026-08-21T07:47:09Z,219000809,54.932823,11.453427,9.8,Under way using engine
2026-08-21T07:47:24Z,219002177,54.916362,11.360565,0.0,Under way using engine
2026-08-21T07:47:30Z,219000811,54.884327,11.483300,0.0,Under way using engine
2026-08-21T07:47:39Z,219000809,54.933477,11.455495,9.7,Under way using engine
2026-08-21T07:47:54Z,219002177,54.916365,11.360575,0.0,Under way using engine
2026-08-21T07:48:00Z,219000811,54.884327,11.483295,0.0,Under way using engine
2026-08-21T07:48:09Z,219000809,54.934103,11.457553,9.7,Under way using engine
2026-08-21T07:48:24Z,219002177,54.916357,11.360590,0.0,Under way using engine
2026-08-21T07:48:30Z,219000811,54.884330,11.483292,0.0,Under way using engine
2026-08-21T07:48:39Z,219000809,54.934743,11.459602,9.7,Under way using engine
2026-08-21T07:48:54Z,219002177,54.916368,11.360593,0.0,Under way using engine
2026-08-21T07:49:00Z,219000811,54.884328,11.483290,0.0,Under way using engine
2026-08-21T07:49:09Z,219000809,54.935360,11.461650,9.6,Under way using engine
2026-08-21T07:49:24Z,219002177,54.916375,11.360577,0.0,Under way using engine
2026-08-21T07:49:30Z,219000811,54.884328,11.483290,0.0,Under way using engine
2026-08-21T07:49:39Z,219000809,54.936020,11.463668,9.6,Under way using engine
2026-08-21T07:49:54Z,219002177,54.916367,11.360605,0.0,Under way using engine
2026-08-21T07:50:00Z,219000811,54.884328,11.483288,0.0,Under way using engine
2026-08-21T07:50:09Z,219000809,54.936662,11.465678,9.6,Under way using engine
2026-08-21T07:50:24Z,219002177,54.916362,11.360595,0.0,Under way using engine
2026-08-21T07:50:30Z,219000811,54.884328,11.483288,0.0,Under way using engine
2026-08-21T07:50:39Z,219000809,54.937315,11.467685,9.5,Under way using engine
2026-08-21T07:50:54Z,219002177,54.916358,11.360662,0.9,Under way using engine
2026-08-21T07:51:00Z,219000811,54.884328,11.483287,0.0,Under way using engine
2026-08-21T07:51:09Z,219000809,54.937992,11.469673,9.6,Under way using engine
2026-08-21T07:51:25Z,219002177,54.916348,11.361483,4.5,Under way using engine
2026-08-21T07:51:39Z,219000809,54.938663,11.471675,9.7,Under way using engine
2026-08-21T07:51:40Z,219000811,54.884328,11.483288,0.0,Under way using engine
2026-08-21T07:52:04Z,219002177,54.916325,11.363365,6.5,Under way using engine
2026-08-21T07:52:09Z,219000809,54.939308,11.473730,9.6,Under way using engine
2026-08-21T07:52:10Z,219000811,54.884328,11.483287,0.0,Under way using engine
2026-08-21T07:52:34Z,219002177,54.916473,11.365018,7.1,Under way using engine
2026-08-21T07:52:39Z,219000809,54.940167,11.475500,9.5,Under way using engine
2026-08-21T07:52:40Z,219000811,54.884328,11.483285,0.0,Under way using engine
2026-08-21T07:53:04Z,219002177,54.916650,11.366762,7.5,Under way using engine
2026-08-21T07:53:09Z,219000809,54.941088,11.477108,9.6,Under way using engine
2026-08-21T07:53:10Z,219000811,54.884325,11.483282,0.0,Under way using engine
2026-08-21T07:53:34Z,219002177,54.916850,11.368605,7.9,Under way using engine
2026-08-21T07:53:39Z,219000809,54.942040,11.478738,9.6,Under way using engine
2026-08-21T07:53:40Z,219000811,54.884323,11.483282,0.0,Under way using engine
2026-08-21T07:54:04Z,219002177,54.917043,11.370497,8.0,Under way using engine
2026-08-21T07:54:10Z,219000809,54.943063,11.480322,9.5,Under way using engine
2026-08-21T07:54:19Z,219000811,54.884320,11.483280,0.0,Under way using engine
2026-08-21T07:54:34Z,219002177,54.917212,11.372447,8.1,Under way using engine
2026-08-21T07:54:43Z,219000809,54.944410,11.481220,9.5,Under way using engine
2026-08-21T07:54:49Z,219000811,54.884318,11.483278,0.0,Under way using engine
2026-08-21T07:55:04Z,219002177,54.917888,11.373520,6.5,Under way using engine
2026-08-21T07:55:19Z,219000811,54.884317,11.483278,0.0,Under way using engine
2026-08-21T07:55:21Z,219000809,54.946033,11.482127,9.8,Under way using engine
2026-08-21T07:55:34Z,219002177,54.918887,11.373528,7.5,Under way using engine
2026-08-21T07:55:50Z,219000811,54.884313,11.483278,0.0,Under way using engine
2026-08-21T07:55:59Z,219000809,54.947698,11.483008,9.9,Under way using engine
2026-08-21T07:56:04Z,219002177,54.919990,11.373423,8.2,Under way using engine
2026-08-21T07:56:30Z,219000809,54.949052,11.483747,10.0,Under way using engine
2026-08-21T07:56:30Z,219000811,54.884312,11.483275,0.0,Under way using engine
2026-08-21T07:56:35Z,219002177,54.921185,11.373268,8.5,Under way using engine
2026-08-21T07:57:09Z,219000811,54.884308,11.483273,0.0,Under way using engine
2026-08-21T07:57:10Z,219000809,54.950813,11.484660,10.0,Under way using engine
2026-08-21T07:57:15Z,219002177,54.922782,11.373012,8.7,Under way using engine
2026-08-21T07:57:39Z,219000811,54.884308,11.483275,0.0,Under way using engine
2026-08-21T07:57:49Z,219000809,54.952503,11.485497,9.7,Under way using engine
2026-08-21T07:57:54Z,219002177,54.924397,11.372765,8.8,Under way using engine
2026-08-21T07:58:09Z,219000811,54.884308,11.483278,0.0,Under way using engine
2026-08-21T07:58:21Z,219000809,54.953883,11.486218,9.7,Under way using engine
2026-08-21T07:58:25Z,219002177,54.925613,11.372585,8.7,Under way using engine
2026-08-21T07:58:39Z,219000811,54.884310,11.483278,0.0,Under way using engine
2026-08-21T07:58:56Z,219002177,54.926808,11.372442,8.7,Under way using engine
2026-08-21T07:59:00Z,219000809,54.955570,11.486987,9.6,Under way using engine
2026-08-21T07:59:09Z,219000811,54.884312,11.483277,0.0,Under way using engine
2026-08-21T07:59:35Z,219002177,54.928365,11.372228,8.7,Under way using engine
2026-08-21T07:59:39Z,219000811,54.884313,11.483273,0.0,Under way using engine
2026-08-21T07:59:40Z,219000809,54.957243,11.487853,9.6,Under way using engine
2026-08-21T08:00:09Z,219000811,54.884317,11.483272,0.0,Under way using engine
2026-08-21T08:00:14Z,219002177,54.929925,11.372023,8.7,Under way using engine
2026-08-21T08:00:20Z,219000809,54.958983,11.488670,9.8,Under way using engine
2026-08-21T08:00:39Z,219000811,54.884317,11.483273,0.0,Under way using engine
2026-08-21T08:00:44Z,219002177,54.931122,11.371818,8.7,Under way using engine
2026-08-21T08:00:50Z,219000809,54.960177,11.489740,9.6,Under way using engine
2026-08-21T08:01:09Z,219000811,54.884310,11.483273,0.0,Under way using engine
2026-08-21T08:01:14Z,219002177,54.932313,11.371667,8.6,Under way using engine
2026-08-21T08:01:20Z,219000809,54.961328,11.490972,9.8,Under way using engine
2026-08-21T08:01:39Z,219000811,54.884015,11.483353,2.2,Under way using engine
2026-08-21T08:01:44Z,219002177,54.933495,11.371455,8.6,Under way using engine
2026-08-21T08:01:50Z,219000809,54.962453,11.492268,9.7,Under way using engine
2026-08-21T08:02:14Z,219002177,54.934635,11.371298,7.9,Under way using engine
2026-08-21T08:02:16Z,219000811,54.883563,11.483467,2.5,Under way using engine
2026-08-21T08:02:20Z,219000809,54.963572,11.493517,9.5,Under way using engine
2026-08-21T08:02:44Z,219002177,54.935447,11.371572,5.2,Under way using engine
2026-08-21T08:02:46Z,219000811,54.883367,11.483282,1.7,Under way using engine
2026-08-21T08:02:50Z,219000809,54.964680,11.494752,9.5,Under way using engine
2026-08-21T08:03:15Z,219002177,54.935828,11.371862,1.9,Under way using engine
2026-08-21T08:03:16Z,219000811,54.882722,11.482727,5.1,Under way using engine
2026-08-21T08:03:20Z,219000809,54.965800,11.496007,9.7,Under way using engine
2026-08-21T08:03:50Z,219000809,54.966945,11.497293,9.8,Under way using engine
2026-08-21T08:03:50Z,219000811,54.881808,11.481590,7.5,Under way using engine
2026-08-21T08:03:54Z,219002177,54.935967,11.372028,0.6,Under way using engine
2026-08-21T08:04:20Z,219000809,54.967985,11.498722,9.7,Under way using engine
2026-08-21T08:04:24Z,219002177,54.935975,11.371998,0.0,Under way using engine
2026-08-21T08:04:30Z,219000811,54.880602,11.479997,8.1,Under way using engine
2026-08-21T08:04:50Z,219000809,54.968987,11.500290,9.7,Under way using engine
2026-08-21T08:04:54Z,219002177,54.935977,11.372032,0.0,Under way using engine
2026-08-21T08:05:03Z,219000811,54.880477,11.478042,7.7,Under way using engine
2026-08-21T08:05:20Z,219000809,54.969953,11.501855,9.5,Under way using engine
2026-08-21T08:05:25Z,219002177,54.935975,11.372032,0.0,Under way using engine
2026-08-21T08:05:50Z,219000809,54.970845,11.503378,8.3,Under way using engine
2026-08-21T08:05:50Z,219000811,54.880505,11.474968,8.3,Under way using engine
2026-08-21T08:06:04Z,219002177,54.935977,11.372015,0.0,Under way using engine
2026-08-21T08:06:20Z,219000809,54.971520,11.504657,7.1,Under way using engine
2026-08-21T08:06:25Z,219000811,54.880520,11.473022,8.4,Under way using engine
2026-08-21T08:06:34Z,219002177,54.935972,11.372027,0.0,Under way using engine
2026-08-21T08:06:50Z,219000809,54.972072,11.506238,8.1,Under way using engine
2026-08-21T08:06:59Z,219000811,54.880545,11.470297,8.5,Under way using engine
2026-08-21T08:07:04Z,219002177,54.935970,11.371972,0.0,Under way using engine
2026-08-21T08:07:23Z,219000809,54.972125,11.508443,8.6,Under way using engine
2026-08-21T08:07:30Z,219000811,54.880628,11.468197,8.3,Under way using engine
2026-08-21T08:07:34Z,219002177,54.935963,11.372000,0.0,Under way using engine
2026-08-21T08:07:56Z,219000809,54.971952,11.510717,8.4,Under way using engine
2026-08-21T08:08:05Z,219002177,54.935968,11.371998,0.0,Under way using engine
2026-08-21T08:08:06Z,219000811,54.881435,11.466433,8.1,Under way using engine
2026-08-21T08:08:29Z,219000809,54.971852,11.512493,6.1,Under way using engine
2026-08-21T08:08:38Z,219000811,54.882293,11.464713,8.4,Under way using engine
2026-08-21T08:08:44Z,219002177,54.935973,11.372020,0.0,Under way using engine
2026-08-21T08:09:00Z,219000809,54.971888,11.513705,3.9,Under way using engine
2026-08-21T08:09:09Z,219000811,54.883158,11.463397,8.3,Under way using engine
2026-08-21T08:09:15Z,219002177,54.935967,11.372027,0.0,Under way using engine
2026-08-21T08:09:40Z,219000809,54.971900,11.514302,1.3,Under way using engine
2026-08-21T08:09:49Z,219000811,54.884352,11.461665,8.4,Under way using engine
2026-08-21T08:09:54Z,219002177,54.935978,11.372018,0.0,Under way using engine
2026-08-21T08:10:10Z,219000809,54.971902,11.514482,0.6,Under way using engine
2026-08-21T08:10:25Z,219002177,54.935985,11.371970,0.0,Under way using engine
2026-08-21T08:10:30Z,219000811,54.885590,11.459835,8.4,Under way using engine
2026-08-21T08:10:40Z,219000809,54.971887,11.514558,0.4,Under way using engine
2026-08-21T08:10:57Z,219002177,54.935982,11.371975,0.0,Under way using engine
2026-08-21T08:11:09Z,219000811,54.886730,11.458173,8.4,Under way using engine
2026-08-21T08:11:10Z,219000809,54.971880,11.514588,0.1,Under way using engine
2026-08-21T08:11:34Z,219002177,54.935982,11.371975,0.1,Under way using engine
2026-08-21T08:11:40Z,219000809,54.971903,11.514593,0.2,Under way using engine
2026-08-21T08:11:49Z,219000811,54.887930,11.456408,8.5,Under way using engine
2026-08-21T08:12:10Z,219000809,54.971905,11.514610,0.0,Under way using engine
2026-08-21T08:12:14Z,219002177,54.935707,11.371822,3.0,Under way using engine
2026-08-21T08:12:20Z,219000811,54.888795,11.454957,8.4,Under way using engine
2026-08-21T08:12:40Z,219000809,54.971898,11.514593,0.0,Under way using engine
2026-08-21T08:12:44Z,219002177,54.935128,11.371442,5.0,Under way using engine
2026-08-21T08:12:59Z,219000811,54.889757,11.452840,8.4,Under way using engine
2026-08-21T08:13:14Z,219002177,54.934398,11.371030,5.6,Under way using engine
2026-08-21T08:13:19Z,219000809,54.971885,11.514507,0.1,Under way using engine
2026-08-21T08:13:30Z,219000811,54.890488,11.451192,8.4,Under way using engine
2026-08-21T08:13:45Z,219002177,54.933505,11.371067,6.5,Under way using engine
2026-08-21T08:13:49Z,219000809,54.971875,11.514513,0.0,Under way using engine
2026-08-21T08:14:00Z,219000811,54.891167,11.449643,8.4,Under way using engine
2026-08-21T08:14:19Z,219000809,54.971903,11.514597,0.0,Under way using engine
2026-08-21T08:14:24Z,219002177,54.932170,11.371060,7.2,Under way using engine
2026-08-21T08:14:30Z,219000811,54.891860,11.448052,8.3,Under way using engine
2026-08-21T08:14:49Z,219000809,54.971903,11.514550,0.1,Under way using engine
2026-08-21T08:14:54Z,219002177,54.931197,11.371212,7.5,Under way using engine
2026-08-21T08:15:00Z,219000811,54.892572,11.446395,8.3,Under way using engine
2026-08-21T08:15:19Z,219000809,54.971893,11.514565,0.0,Under way using engine
2026-08-21T08:15:24Z,219002177,54.930115,11.371327,7.6,Under way using engine
2026-08-21T08:15:30Z,219000811,54.893260,11.444802,8.3,Under way using engine
2026-08-21T08:15:50Z,219000809,54.971905,11.514582,0.0,Under way using engine
2026-08-21T08:15:54Z,219002177,54.929095,11.371410,7.7,Under way using engine
2026-08-21T08:16:00Z,219000811,54.893952,11.443228,8.2,Under way using engine
2026-08-21T08:16:24Z,219002177,54.927993,11.371497,7.7,Under way using engine
2026-08-21T08:16:30Z,219000809,54.971902,11.514625,0.0,Under way using engine
2026-08-21T08:16:30Z,219000811,54.894612,11.441648,8.2,Under way using engine
2026-08-21T08:16:54Z,219002177,54.926957,11.371602,7.8,Under way using engine
2026-08-21T08:17:00Z,219000809,54.971902,11.514632,0.0,Under way using engine
2026-08-21T08:17:00Z,219000811,54.895298,11.439997,8.3,Under way using engine
2026-08-21T08:17:24Z,219002177,54.925832,11.371742,7.8,Under way using engine
2026-08-21T08:17:30Z,219000809,54.971903,11.514618,0.0,Under way using engine
2026-08-21T08:17:30Z,219000811,54.895970,11.438375,8.4,Under way using engine
2026-08-21T08:17:54Z,219002177,54.924797,11.371812,7.7,Under way using engine
2026-08-21T08:18:00Z,219000809,54.971897,11.514610,0.0,Under way using engine
2026-08-21T08:18:09Z,219000811,54.896842,11.436227,8.4,Under way using engine
2026-08-21T08:18:24Z,219002177,54.923733,11.371890,7.7,Under way using engine
2026-08-21T08:18:30Z,219000809,54.971895,11.514603,0.0,Under way using engine
2026-08-21T08:18:40Z,219000811,54.897498,11.434417,8.4,Under way using engine
2026-08-21T08:18:54Z,219002177,54.922683,11.371995,7.6,Under way using engine
2026-08-21T08:19:00Z,219000809,54.971885,11.514628,0.0,Under way using engine
2026-08-21T08:19:19Z,219000811,54.898298,11.432198,8.4,Under way using engine
2026-08-21T08:19:24Z,219002177,54.921653,11.372088,7.5,Under way using engine
2026-08-21T08:19:30Z,219000809,54.971893,11.514608,0.0,Under way using engine
2026-08-21T08:19:50Z,219000811,54.898907,11.430410,8.4,Under way using engine
2026-08-21T08:19:54Z,219002177,54.920632,11.372120,7.3,Under way using engine
2026-08-21T08:20:10Z,219000809,54.971902,11.514608,0.0,Under way using engine
2026-08-21T08:20:24Z,219002177,54.919647,11.372270,7.1,Under way using engine
2026-08-21T08:20:29Z,219000811,54.899667,11.428158,8.3,Under way using engine
2026-08-21T08:20:40Z,219000809,54.971898,11.514625,0.0,Under way using engine
2026-08-21T08:20:54Z,219002177,54.918627,11.372292,7.1,Under way using engine
2026-08-21T08:20:59Z,219000811,54.900255,11.426373,8.3,Under way using engine
2026-08-21T08:21:10Z,219000809,54.971895,11.514632,0.0,Under way using engine
2026-08-21T08:21:24Z,219002177,54.917697,11.372098,6.7,Under way using engine
2026-08-21T08:21:29Z,219000811,54.900802,11.424693,8.2,Under way using engine
2026-08-21T08:21:40Z,219000809,54.971900,11.514615,0.1,Under way using engine
2026-08-21T08:21:54Z,219002177,54.917012,11.371133,6.0,Under way using engine
2026-08-21T08:21:59Z,219000811,54.901357,11.422982,8.2,Under way using engine
2026-08-21T08:22:10Z,219000809,54.971888,11.514557,0.0,Under way using engine
2026-08-21T08:22:24Z,219002177,54.916837,11.369785,6.0,Under way using engine
2026-08-21T08:22:29Z,219000811,54.901922,11.421268,8.2,Under way using engine
2026-08-21T08:22:40Z,219000809,54.971888,11.514610,0.0,Under way using engine
2026-08-21T08:22:54Z,219002177,54.916673,11.368212,6.6,Under way using engine
2026-08-21T08:23:09Z,219000811,54.902652,11.419058,8.2,Under way using engine
2026-08-21T08:23:10Z,219000809,54.971897,11.514578,0.0,Under way using engine
2026-08-21T08:23:24Z,219002177,54.916538,11.366648,6.8,Under way using engine
2026-08-21T08:23:39Z,219000811,54.903108,11.417148,8.1,Under way using engine
2026-08-21T08:23:40Z,219000809,54.971898,11.514565,0.0,Under way using engine
2026-08-21T08:23:54Z,219002177,54.916420,11.364945,6.9,Under way using engine
2026-08-21T08:24:09Z,219000811,54.903380,11.415325,8.1,Under way using engine
2026-08-21T08:24:10Z,219000809,54.971895,11.514583,0.0,Under way using engine
2026-08-21T08:24:24Z,219002177,54.916273,11.363372,6.8,Under way using engine
2026-08-21T08:24:39Z,219000811,54.903653,11.413423,8.2,Under way using engine
2026-08-21T08:24:40Z,219000809,54.971888,11.514592,0.0,Under way using engine
2026-08-21T08:25:05Z,219002177,54.916228,11.361680,4.1,Under way using engine
2026-08-21T08:25:09Z,219000811,54.903930,11.411523,8.2,Under way using engine
2026-08-21T08:25:10Z,219000809,54.971900,11.514597,0.0,Under way using engine
2026-08-21T08:25:39Z,219000811,54.904183,11.409552,8.2,Under way using engine
2026-08-21T08:25:40Z,219000809,54.971902,11.514597,0.1,Under way using engine
2026-08-21T08:25:44Z,219002177,54.916335,11.360910,1.9,Under way using engine
2026-08-21T08:26:09Z,219000811,54.904402,11.407548,8.2,Under way using engine
2026-08-21T08:26:10Z,219000809,54.971905,11.514592,0.0,Under way using engine
2026-08-21T08:26:14Z,219002177,54.916370,11.360687,0.7,Under way using engine
2026-08-21T08:26:39Z,219000811,54.904590,11.405737,8.2,Under way using engine
2026-08-21T08:26:40Z,219000809,54.971895,11.514600,0.0,Under way using engine
2026-08-21T08:26:44Z,219002177,54.916357,11.360583,0.4,Under way using engine
2026-08-21T08:27:09Z,219000811,54.904787,11.403653,8.2,Under way using engine
2026-08-21T08:27:10Z,219000809,54.971935,11.514643,0.0,Under way using engine
2026-08-21T08:27:14Z,219002177,54.916363,11.360577,0.0,Under way using engine
2026-08-21T08:27:40Z,219000811,54.904967,11.401707,8.2,Under way using engine
2026-08-21T08:27:41Z,219000809,54.971925,11.514615,0.0,Under way using engine
2026-08-21T08:27:44Z,219002177,54.916363,11.360597,0.0,Under way using engine
2026-08-21T08:28:18Z,219000811,54.905227,11.399257,8.1,Under way using engine
2026-08-21T08:28:20Z,219000809,54.971897,11.514513,0.9,Under way using engine
2026-08-21T08:28:23Z,219002177,54.916357,11.360585,0.0,Under way using engine
2026-08-21T08:28:50Z,219000809,54.971902,11.513832,3.2,Under way using engine
2026-08-21T08:28:50Z,219000811,54.905602,11.397273,8.1,Under way using engine
2026-08-21T08:28:53Z,219002177,54.916367,11.360597,0.0,Under way using engine
2026-08-21T08:29:20Z,219000809,54.971802,11.513230,2.3,Under way using engine
2026-08-21T08:29:23Z,219002177,54.916370,11.360595,0.0,Under way using engine
2026-08-21T08:29:28Z,219000811,54.906102,11.394845,8.2,Under way using engine
2026-08-21T08:29:50Z,219000809,54.971743,11.513065,0.6,Under way using engine
2026-08-21T08:29:53Z,219002177,54.916367,11.360598,0.0,Under way using engine
2026-08-21T08:29:58Z,219000811,54.906660,11.393200,8.1,Under way using engine
2026-08-21T08:30:20Z,219000809,54.971750,11.512828,2.7,Under way using engine
2026-08-21T08:30:23Z,219002177,54.916367,11.360585,0.0,Under way using engine
2026-08-21T08:30:28Z,219000811,54.907407,11.391715,8.2,Under way using engine
2026-08-21T08:30:50Z,219000809,54.971922,11.511455,6.8,Under way using engine
2026-08-21T08:30:54Z,219002177,54.916350,11.360570,0.0,Under way using engine
2026-08-21T08:30:58Z,219000811,54.908197,11.390185,8.3,Under way using engine
2026-08-21T08:31:20Z,219000809,54.972055,11.509608,8.1,Under way using engine
2026-08-21T08:31:28Z,219000811,54.908972,11.388690,8.3,Under way using engine
2026-08-21T08:31:35Z,219002177,54.916343,11.360563,0.0,Under way using engine
2026-08-21T08:31:58Z,219000811,54.909737,11.387195,8.4,Under way using engine
2026-08-21T08:32:01Z,219000809,54.972225,11.506925,8.4,Under way using engine
2026-08-21T08:32:24Z,219002177,54.916362,11.360577,0.0,Under way using engine
2026-08-21T08:32:29Z,219000811,54.910540,11.385655,8.4,Under way using engine
2026-08-21T08:32:33Z,219000809,54.971828,11.504858,8.4,Under way using engine
2026-08-21T08:32:54Z,219002177,54.916348,11.360588,0.0,Under way using engine
2026-08-21T08:33:03Z,219000809,54.971083,11.503178,8.9,Under way using engine
2026-08-21T08:33:10Z,219000811,54.911588,11.383545,8.4,Under way using engine
2026-08-21T08:33:24Z,219002177,54.916350,11.360578,0.0,Under way using engine
2026-08-21T08:33:33Z,219000809,54.970197,11.501673,9.0,Under way using engine
2026-08-21T08:33:48Z,219000811,54.912563,11.381597,8.4,Under way using engine
2026-08-21T08:33:54Z,219002177,54.916353,11.360578,0.0,Under way using engine
2026-08-21T08:34:09Z,219000809,54.969040,11.500035,9.1,Under way using engine
2026-08-21T08:34:18Z,219000811,54.913350,11.380047,8.4,Under way using engine
2026-08-21T08:34:24Z,219002177,54.916345,11.360583,0.0,Under way using engine
2026-08-21T08:34:41Z,219000809,54.968020,11.498608,9.1,Under way using engine
2026-08-21T08:34:48Z,219000811,54.914092,11.378583,8.4,Under way using engine
2026-08-21T08:34:54Z,219002177,54.916363,11.360595,0.0,Under way using engine
2026-08-21T08:35:18Z,219000811,54.914892,11.377045,8.6,Under way using engine
2026-08-21T08:35:19Z,219000809,54.966743,11.496948,8.9,Under way using engine
2026-08-21T08:35:24Z,219002177,54.916357,11.360590,0.0,Under way using engine
2026-08-21T08:35:48Z,219000811,54.915705,11.375520,8.7,Under way using engine
2026-08-21T08:35:49Z,219000809,54.965757,11.495652,8.9,Under way using engine
2026-08-21T08:35:54Z,219002177,54.916362,11.360577,0.0,Under way using engine
2026-08-21T08:36:18Z,219000811,54.916548,11.373908,8.8,Under way using engine
2026-08-21T08:36:19Z,219000809,54.964783,11.494398,8.7,Under way using engine
2026-08-21T08:36:24Z,219002177,54.916355,11.360570,0.0,Under way using engine
2026-08-21T08:36:48Z,219000811,54.916907,11.372025,8.3,Under way using engine
2026-08-21T08:36:50Z,219000809,54.963782,11.493118,8.8,Under way using engine
2026-08-21T08:36:54Z,219002177,54.916370,11.360578,0.0,Under way using engine
2026-08-21T08:37:18Z,219000811,54.916850,11.370090,8.1,Under way using engine
2026-08-21T08:37:24Z,219002177,54.916377,11.360580,0.0,Under way using engine
2026-08-21T08:37:29Z,219000809,54.962497,11.491505,8.8,Under way using engine
2026-08-21T08:37:48Z,219000811,54.916717,11.368067,8.3,Under way using engine
2026-08-21T08:37:54Z,219002177,54.916372,11.360572,0.0,Under way using engine
2026-08-21T08:37:59Z,219000809,54.961425,11.490537,8.8,Under way using engine
2026-08-21T08:38:18Z,219000811,54.916547,11.366157,8.1,Under way using engine
2026-08-21T08:38:24Z,219002177,54.916365,11.360575,0.0,Under way using engine
2026-08-21T08:38:29Z,219000809,54.960293,11.489842,8.7,Under way using engine
2026-08-21T08:38:48Z,219000811,54.916398,11.364435,7.3,Under way using engine
2026-08-21T08:38:54Z,219002177,54.916355,11.360573,0.0,Under way using engine
2026-08-21T08:38:59Z,219000809,54.959142,11.489213,8.7,Under way using engine
2026-08-21T08:39:18Z,219000811,54.916287,11.362790,6.6,Under way using engine
2026-08-21T08:39:25Z,219002177,54.916367,11.360587,0.0,Under way using engine
2026-08-21T08:39:29Z,219000809,54.957993,11.488568,8.7,Under way using engine
2026-08-21T08:39:48Z,219000811,54.916195,11.361537,5.2,Under way using engine
2026-08-21T08:39:59Z,219000809,54.956858,11.487930,8.6,Under way using engine
2026-08-21T08:40:03Z,219002177,54.916355,11.360570,0.0,Under way using engine
2026-08-21T08:40:19Z,219000811,54.916002,11.360668,3.7,Under way using engine
2026-08-21T08:40:29Z,219000809,54.955725,11.487265,8.6,Under way using engine
2026-08-21T08:40:35Z,219002177,54.916348,11.360567,0.0,Under way using engine
2026-08-21T08:40:50Z,219000811,54.915840,11.360480,1.4,Under way using engine
2026-08-21T08:40:59Z,219000809,54.954548,11.486605,8.9,Under way using engine
2026-08-21T08:41:14Z,219002177,54.916350,11.360565,0.0,Under way using engine
2026-08-21T08:41:22Z,219000811,54.915873,11.360427,0.3,Under way using engine
2026-08-21T08:41:29Z,219000809,54.953372,11.485925,8.9,Under way using engine
2026-08-21T08:41:44Z,219002177,54.916342,11.360565,0.0,Under way using engine
2026-08-21T08:41:52Z,219000811,54.915907,11.360397,0.2,Under way using engine
2026-08-21T08:41:59Z,219000809,54.952180,11.485328,8.9,Under way using engine
2026-08-21T08:42:15Z,219002177,54.916345,11.360563,0.0,Under way using engine
2026-08-21T08:42:22Z,219000811,54.915970,11.360357,0.5,Under way using engine
2026-08-21T08:42:29Z,219000809,54.950990,11.484727,9.1,Under way using engine
2026-08-21T08:42:53Z,219000811,54.916027,11.360263,0.5,Under way using engine
2026-08-21T08:42:53Z,219002177,54.916355,11.360578,0.0,Under way using engine
2026-08-21T08:42:59Z,219000809,54.949762,11.484077,9.3,Under way using engine
2026-08-21T08:43:25Z,219002177,54.916353,11.360578,0.0,Under way using engine
2026-08-21T08:43:29Z,219000809,54.948540,11.483497,9.2,Under way using engine
2026-08-21T08:43:30Z,219000811,54.916052,11.360133,0.4,Under way using engine
2026-08-21T08:44:00Z,219000809,54.947293,11.482853,9.1,Under way using engine
2026-08-21T08:44:03Z,219002177,54.916343,11.360568,0.0,Under way using engine
2026-08-21T08:44:10Z,219000811,54.916060,11.360017,0.3,Under way using engine
2026-08-21T08:44:35Z,219002177,54.916342,11.360562,0.0,Under way using engine
2026-08-21T08:44:40Z,219000809,54.945730,11.482075,9.1,Under way using engine
2026-08-21T08:44:50Z,219000811,54.916067,11.359968,0.1,Under way using engine
2026-08-21T08:45:15Z,219002177,54.916352,11.360585,0.0,Under way using engine
2026-08-21T08:45:19Z,219000809,54.944135,11.481280,9.0,Under way using engine
2026-08-21T08:45:30Z,219000811,54.916067,11.359965,0.0,Under way using engine
2026-08-21T08:45:49Z,219000809,54.943042,11.480385,8.7,Under way using engine
2026-08-21T08:45:53Z,219002177,54.916347,11.360562,0.0,Under way using engine
2026-08-21T08:46:10Z,219000811,54.916065,11.359963,0.0,Under way using engine
2026-08-21T08:46:19Z,219000809,54.942145,11.478977,8.7,Under way using engine
2026-08-21T08:46:25Z,219002177,54.916343,11.360552,0.0,Under way using engine
2026-08-21T08:46:49Z,219000809,54.941297,11.477475,8.8,Under way using engine
2026-08-21T08:46:50Z,219000811,54.916065,11.359958,0.0,Under way using engine
2026-08-21T08:46:55Z,219002177,54.916350,11.360555,0.0,Under way using engine
2026-08-21T08:47:19Z,219000809,54.940480,11.475907,8.9,Under way using engine
2026-08-21T08:47:30Z,219000811,54.916065,11.359957,0.0,Under way using engine
2026-08-21T08:47:35Z,219002177,54.916362,11.360572,0.0,Under way using engine
2026-08-21T08:47:49Z,219000809,54.939627,11.474423,8.7,Under way using engine
2026-08-21T08:48:05Z,219002177,54.916352,11.360595,0.3,Under way using engine
2026-08-21T08:48:08Z,219000811,54.916065,11.359955,0.0,Under way using engine
2026-08-21T08:48:19Z,219000809,54.938900,11.472727,9.0,Under way using engine
2026-08-21T08:48:39Z,219000811,54.916065,11.359955,0.0,Under way using engine
2026-08-21T08:48:43Z,219002177,54.916312,11.361347,3.8,Under way using engine
2026-08-21T08:48:49Z,219000809,54.938270,11.470837,9.0,Under way using engine
2026-08-21T08:49:15Z,219002177,54.916318,11.362610,5.4,Under way using engine
2026-08-21T08:49:19Z,219000809,54.937672,11.468905,9.1,Under way using engine
2026-08-21T08:49:19Z,219000811,54.916065,11.359958,0.0,Under way using engine
2026-08-21T08:49:49Z,219000809,54.937095,11.466945,9.2,Under way using engine
2026-08-21T08:49:49Z,219000811,54.916065,11.359962,0.0,Under way using engine
2026-08-21T08:49:55Z,219002177,54.916418,11.364600,6.5,Under way using engine
2026-08-21T08:50:19Z,219000809,54.936488,11.465028,9.3,Under way using engine
2026-08-21T08:50:19Z,219000811,54.916063,11.359965,0.0,Under way using engine
2026-08-21T08:50:43Z,219002177,54.916633,11.367250,7.2,Under way using engine
2026-08-21T08:50:49Z,219000809,54.935892,11.463088,9.4,Under way using engine
2026-08-21T08:50:49Z,219000811,54.916062,11.359968,0.0,Under way using engine
2026-08-21T08:51:15Z,219002177,54.916843,11.369120,7.4,Under way using engine
2026-08-21T08:51:19Z,219000809,54.935255,11.461070,9.4,Under way using engine
2026-08-21T08:51:19Z,219000811,54.916062,11.359972,0.0,Under way using engine
2026-08-21T08:51:49Z,219000809,54.934642,11.459102,9.5,Under way using engine
2026-08-21T08:51:49Z,219000811,54.916062,11.359975,0.0,Under way using engine
2026-08-21T08:51:55Z,219002177,54.917250,11.371217,6.6,Under way using engine
2026-08-21T08:52:19Z,219000809,54.934030,11.457093,9.5,Under way using engine
2026-08-21T08:52:19Z,219000811,54.916062,11.359978,0.0,Under way using engine
2026-08-21T08:52:43Z,219002177,54.918572,11.371768,6.6,Under way using engine
2026-08-21T08:52:49Z,219000809,54.933402,11.455062,9.5,Under way using engine
2026-08-21T08:52:49Z,219000811,54.916062,11.359977,0.0,Under way using engine
2026-08-21T08:53:15Z,219002177,54.919598,11.371845,7.2,Under way using engine
2026-08-21T08:53:19Z,219000809,54.932782,11.453033,9.5,Under way using engine
2026-08-21T08:53:19Z,219000811,54.916062,11.359977,0.0,Under way using engine
2026-08-21T08:53:49Z,219000809,54.932102,11.451083,9.5,Under way using engine
2026-08-21T08:53:49Z,219000811,54.916063,11.359975,0.0,Under way using engine
2026-08-21T08:53:55Z,219002177,54.920983,11.371837,7.7,Under way using engine
2026-08-21T08:54:19Z,219000809,54.931340,11.449227,9.5,Under way using engine
2026-08-21T08:54:19Z,219000811,54.916067,11.359972,0.0,Under way using engine
2026-08-21T08:54:43Z,219002177,54.922772,11.371803,8.2,Under way using engine
2026-08-21T08:54:49Z,219000809,54.930558,11.447405,9.5,Under way using engine
2026-08-21T08:55:00Z,219000811,54.916068,11.359972,0.0,Under way using engine
2026-08-21T08:55:13Z,219002177,54.923922,11.371777,8.3,Under way using engine
2026-08-21T08:55:19Z,219000809,54.929798,11.445618,9.1,Under way using engine
2026-08-21T08:55:40Z,219000811,54.916068,11.359973,0.0,Under way using engine
2026-08-21T08:55:43Z,219002177,54.925077,11.371747,8.3,Under way using engine
2026-08-21T08:55:49Z,219000809,54.929003,11.443843,9.5,Under way using engine
2026-08-21T08:56:13Z,219002177,54.926223,11.371712,8.3,Under way using engine
2026-08-21T08:56:19Z,219000809,54.928198,11.442005,9.5,Under way using engine
2026-08-21T08:56:19Z,219000811,54.916068,11.359975,0.0,Under way using engine
2026-08-21T08:56:44Z,219002177,54.927405,11.371675,8.2,Under way using engine
2026-08-21T08:56:49Z,219000809,54.927390,11.440205,9.5,Under way using engine
2026-08-21T08:56:49Z,219000811,54.916067,11.359977,0.0,Under way using engine
2026-08-21T08:57:19Z,219000809,54.926580,11.438402,9.5,Under way using engine
2026-08-21T08:57:19Z,219000811,54.916065,11.359980,0.0,Under way using engine
2026-08-21T08:57:24Z,219002177,54.928927,11.371645,8.2,Under way using engine
2026-08-21T08:57:49Z,219000811,54.916063,11.359983,0.0,Under way using engine
2026-08-21T08:57:50Z,219000809,54.925737,11.436553,9.5,Under way using engine
2026-08-21T08:57:55Z,219002177,54.930097,11.371627,8.1,Under way using engine
2026-08-21T08:58:20Z,219000811,54.916063,11.359985,0.0,Under way using engine
2026-08-21T08:58:29Z,219000809,54.924663,11.434258,9.4,Under way using engine
2026-08-21T08:58:35Z,219002177,54.931583,11.371513,8.0,Under way using engine
2026-08-21T08:58:59Z,219000811,54.916062,11.359988,0.0,Under way using engine
2026-08-21T08:59:00Z,219000809,54.923823,11.432435,9.4,Under way using engine
2026-08-21T08:59:13Z,219002177,54.932983,11.371373,8.0,Under way using engine
2026-08-21T08:59:29Z,219000811,54.916062,11.359988,0.0,Under way using engine
2026-08-21T08:59:41Z,219000809,54.922773,11.430102,9.3,Under way using engine
2026-08-21T08:59:44Z,219002177,54.934113,11.371302,7.8,Under way using engine
2026-08-21T08:59:59Z,219000811,54.916063,11.359988,0.0,Under way using engine
2026-08-21T09:00:19Z,219000809,54.921713,11.427752,9.5,Under way using engine
2026-08-21T09:00:25Z,219002177,54.935338,11.371507,5.4,Under way using engine
2026-08-21T09:00:29Z,219000811,54.916063,11.359985,0.0,Under way using engine
2026-08-21T09:00:50Z,219000809,54.920873,11.425900,9.5,Under way using engine
2026-08-21T09:00:59Z,219000811,54.916060,11.359995,0.0,Under way using engine
2026-08-21T09:01:03Z,219002177,54.935823,11.371888,1.8,Under way using engine
2026-08-21T09:01:29Z,219000809,54.919803,11.423573,9.5,Under way using engine
2026-08-21T09:01:29Z,219000811,54.916032,11.360277,1.2,Under way using engine
2026-08-21T09:01:35Z,219002177,54.935942,11.372000,0.7,Under way using engine
2026-08-21T09:01:59Z,219000811,54.916050,11.361198,3.8,Under way using engine
2026-08-21T09:02:00Z,219000809,54.918967,11.421723,9.5,Under way using engine
2026-08-21T09:02:14Z,219002177,54.935962,11.372015,0.0,Under way using engine
2026-08-21T09:02:29Z,219000811,54.916182,11.362502,5.5,Under way using engine
2026-08-21T09:02:30Z,219000809,54.918152,11.419912,9.5,Under way using engine
2026-08-21T09:02:45Z,219002177,54.935958,11.372023,0.0,Under way using engine
2026-08-21T09:02:59Z,219000811,54.916262,11.364077,6.6,Under way using engine
2026-08-21T09:03:00Z,219000809,54.917332,11.418093,9.6,Under way using engine
2026-08-21T09:03:25Z,219002177,54.935963,11.372023,0.0,Under way using engine
2026-08-21T09:03:29Z,219000811,54.916342,11.365862,7.5,Under way using engine
2026-08-21T09:03:30Z,219000809,54.916507,11.416302,9.5,Under way using engine
2026-08-21T09:04:00Z,219000809,54.915672,11.414538,9.6,Under way using engine
2026-08-21T09:04:03Z,219000811,54.916237,11.367863,7.4,Under way using engine
2026-08-21T09:04:14Z,219002177,54.935955,11.372000,0.0,Under way using engine
2026-08-21T09:04:30Z,219000809,54.914872,11.412678,9.6,Under way using engine
2026-08-21T09:04:33Z,219000811,54.915798,11.369540,7.4,Under way using engine
2026-08-21T09:04:45Z,219002177,54.935957,11.371990,0.0,Under way using engine
2026-08-21T09:05:09Z,219000811,54.915167,11.371548,8.0,Under way using engine
2026-08-21T09:05:10Z,219000809,54.913822,11.410178,9.6,Under way using engine
2026-08-21T09:05:25Z,219002177,54.935958,11.371983,0.0,Under way using engine
2026-08-21T09:05:40Z,219000809,54.913047,11.408297,9.7,Under way using engine
2026-08-21T09:05:40Z,219000811,54.914587,11.373348,8.2,Under way using engine
2026-08-21T09:05:55Z,219002177,54.935965,11.372000,0.0,Under way using engine
2026-08-21T09:06:10Z,219000809,54.912290,11.406380,9.6,Under way using engine
2026-08-21T09:06:19Z,219000811,54.913858,11.375667,8.4,Under way using engine
2026-08-21T09:06:25Z,219002177,54.935968,11.371998,0.0,Under way using engine
2026-08-21T09:06:40Z,219000809,54.911515,11.404545,9.8,Under way using engine
2026-08-21T09:06:55Z,219002177,54.935957,11.371985,0.0,Under way using engine
2026-08-21T09:06:58Z,219000811,54.913105,11.378068,8.5,Under way using engine
2026-08-21T09:07:10Z,219000809,54.910730,11.402537,9.8,Under way using engine
2026-08-21T09:07:25Z,219002177,54.935940,11.371982,0.0,Under way using engine
2026-08-21T09:07:30Z,219000811,54.912523,11.379917,8.5,Under way using engine
2026-08-21T09:07:40Z,219000809,54.909933,11.400705,9.9,Under way using engine
2026-08-21T09:07:55Z,219002177,54.935950,11.371983,0.0,Under way using engine
2026-08-21T09:08:09Z,219000811,54.911778,11.382252,8.5,Under way using engine
2026-08-21T09:08:10Z,219000809,54.909192,11.398605,10.0,Under way using engine
2026-08-21T09:08:25Z,219002177,54.935953,11.371980,0.0,Under way using engine
2026-08-21T09:08:39Z,219000811,54.911162,11.383898,8.2,Under way using engine
2026-08-21T09:08:40Z,219000809,54.908653,11.396507,9.8,Under way using engine
2026-08-21T09:08:55Z,219002177,54.935948,11.371982,0.0,Under way using engine
2026-08-21T09:09:09Z,219000811,54.910310,11.385268,8.1,Under way using engine
2026-08-21T09:09:10Z,219000809,54.908617,11.394125,9.8,Under way using engine
2026-08-21T09:09:25Z,219002177,54.935947,11.371995,0.0,Under way using engine
2026-08-21T09:09:39Z,219000811,54.909508,11.386563,8.2,Under way using engine
2026-08-21T09:09:40Z,219000809,54.909297,11.392132,9.8,Under way using engine
2026-08-21T09:09:55Z,219002177,54.935958,11.372008,0.0,Under way using engine
2026-08-21T09:10:09Z,219000811,54.908735,11.388090,8.2,Under way using engine
2026-08-21T09:10:10Z,219000809,54.910102,11.390157,9.7,Under way using engine
2026-08-21T09:10:25Z,219002177,54.935960,11.372027,0.0,Under way using engine
2026-08-21T09:10:39Z,219000811,54.907990,11.389620,8.3,Under way using engine
2026-08-21T09:10:40Z,219000809,54.910845,11.388315,9.7,Under way using engine
2026-08-21T09:10:58Z,219002177,54.935963,11.372028,0.0,Under way using engine
2026-08-21T09:11:09Z,219000811,54.907285,11.391115,8.3,Under way using engine
2026-08-21T09:11:10Z,219000809,54.911653,11.386363,9.7,Under way using engine
2026-08-21T09:11:33Z,219002177,54.935973,11.372013,0.0,Under way using engine
2026-08-21T09:11:39Z,219000811,54.906578,11.392760,8.3,Under way using engine
2026-08-21T09:11:40Z,219000809,54.912427,11.384528,9.7,Under way using engine
2026-08-21T09:12:03Z,219002177,54.935770,11.371897,2.5,Under way using engine
2026-08-21T09:12:09Z,219000811,54.905953,11.394422,8.3,Under way using engine
2026-08-21T09:12:10Z,219000809,54.913250,11.382572,9.8,Under way using engine
2026-08-21T09:12:33Z,219002177,54.935210,11.371493,5.0,Under way using engine
2026-08-21T09:12:39Z,219000811,54.905403,11.396175,8.3,Under way using engine
2026-08-21T09:12:40Z,219000809,54.914013,11.380737,9.7,Under way using engine
2026-08-21T09:13:05Z,219002177,54.934462,11.371025,5.7,Under way using engine
2026-08-21T09:13:09Z,219000811,54.904885,11.398023,8.3,Under way using engine
2026-08-21T09:13:10Z,219000809,54.914827,11.378787,9.8,Under way using engine
2026-08-21T09:13:39Z,219000811,54.904467,11.399890,8.4,Under way using engine
2026-08-21T09:13:45Z,219002177,54.933280,11.371045,6.8,Under way using engine
2026-08-21T09:13:50Z,219000809,54.915873,11.376262,9.7,Under way using engine
2026-08-21T09:14:09Z,219000811,54.904047,11.401773,8.4,Under way using engine
2026-08-21T09:14:24Z,219002177,54.931952,11.371073,7.4,Under way using engine
2026-08-21T09:14:26Z,219000809,54.916703,11.373875,9.5,Under way using engine
2026-08-21T09:14:39Z,219000811,54.903633,11.403673,8.5,Under way using engine
2026-08-21T09:14:54Z,219002177,54.930937,11.371138,7.6,Under way using engine
2026-08-21T09:14:56Z,219000809,54.916943,11.371662,9.4,Under way using engine
2026-08-21T09:15:09Z,219000811,54.903213,11.405645,8.5,Under way using engine
2026-08-21T09:15:24Z,219002177,54.929848,11.371205,7.7,Under way using engine
2026-08-21T09:15:26Z,219000809,54.916825,11.369435,9.3,Under way using engine
2026-08-21T09:15:39Z,219000811,54.902810,11.407532,8.4,Under way using engine
2026-08-21T09:15:54Z,219002177,54.928817,11.371265,7.7,Under way using engine
2026-08-21T09:15:59Z,219000809,54.916552,11.367025,9.3,Under way using engine
2026-08-21T09:16:09Z,219000811,54.902410,11.409430,8.4,Under way using engine
2026-08-21T09:16:24Z,219002177,54.927717,11.371320,7.7,Under way using engine
2026-08-21T09:16:29Z,219000809,54.916398,11.364810,9.2,Under way using engine
2026-08-21T09:16:39Z,219000811,54.901972,11.411382,8.5,Under way using engine
2026-08-21T09:16:54Z,219002177,54.926680,11.371355,7.6,Under way using engine
2026-08-21T09:16:59Z,219000809,54.916295,11.362780,8.1,Under way using engine
2026-08-21T09:17:09Z,219000811,54.901540,11.413173,8.4,Under way using engine
2026-08-21T09:17:24Z,219002177,54.925613,11.371407,7.5,Under way using engine
2026-08-21T09:17:29Z,219000809,54.916227,11.361123,6.1,Under way using engine
2026-08-21T09:17:39Z,219000811,54.901068,11.415088,8.4,Under way using engine
2026-08-21T09:17:54Z,219002177,54.924603,11.371465,7.5,Under way using engine
2026-08-21T09:17:59Z,219000809,54.916022,11.360772,0.6,Under way using engine
2026-08-21T09:18:09Z,219000811,54.900615,11.416955,8.5,Under way using engine
2026-08-21T09:18:24Z,219002177,54.923532,11.371528,7.4,Under way using engine
2026-08-21T09:18:29Z,219000809,54.916050,11.360715,0.4,Under way using engine
2026-08-21T09:18:40Z,219000811,54.900103,11.418957,8.5,Under way using engine
2026-08-21T09:18:54Z,219002177,54.922545,11.371577,7.4,Under way using engine
2026-08-21T09:18:59Z,219000809,54.916058,11.360535,0.9,Under way using engine
2026-08-21T09:19:19Z,219000811,54.899425,11.421273,8.5,Under way using engine
2026-08-21T09:19:24Z,219002177,54.921540,11.371618,7.3,Under way using engine
2026-08-21T09:19:29Z,219000809,54.916052,11.360345,0.7,Under way using engine
2026-08-21T09:19:49Z,219000811,54.898890,11.423073,8.4,Under way using engine
2026-08-21T09:19:54Z,219002177,54.920548,11.371677,7.2,Under way using engine
2026-08-21T09:19:59Z,219000809,54.916048,11.360198,0.7,Under way using engine
2026-08-21T09:20:24Z,219002177,54.919547,11.371807,7.1,Under way using engine
2026-08-21T09:20:29Z,219000809,54.916067,11.360077,0.4,Under way using engine
2026-08-21T09:20:30Z,219000811,54.898118,11.425515,8.4,Under way using engine
2026-08-21T09:20:54Z,219002177,54.918555,11.371902,7.1,Under way using engine
2026-08-21T09:20:59Z,219000809,54.916050,11.360078,0.1,Under way using engine
2026-08-21T09:21:09Z,219000811,54.897335,11.427785,8.4,Under way using engine
2026-08-21T09:21:24Z,219002177,54.917598,11.371830,6.8,Under way using engine
2026-08-21T09:21:29Z,219000809,54.916063,11.360068,0.0,Under way using engine
2026-08-21T09:21:40Z,219000811,54.896712,11.429595,8.4,Under way using engine
2026-08-21T09:21:54Z,219002177,54.916960,11.370823,6.2,Under way using engine
2026-08-21T09:21:59Z,219000809,54.916067,11.360060,0.1,Under way using engine
2026-08-21T09:22:18Z,219000811,54.895952,11.431880,8.4,Under way using engine
2026-08-21T09:22:24Z,219002177,54.916785,11.369263,6.7,Under way using engine
2026-08-21T09:22:29Z,219000809,54.916075,11.360052,0.0,Under way using engine
2026-08-21T09:22:49Z,219000811,54.895370,11.433627,8.4,Under way using engine
2026-08-21T09:22:54Z,219002177,54.916658,11.367603,7.1,Under way using engine
2026-08-21T09:22:59Z,219000809,54.916073,11.360057,0.0,Under way using engine
2026-08-21T09:23:24Z,219002177,54.916503,11.365927,6.9,Under way using engine
2026-08-21T09:23:29Z,219000809,54.916097,11.360040,0.0,Under way using engine
2026-08-21T09:23:30Z,219000811,54.894577,11.436027,8.4,Under way using engine
2026-08-21T09:23:54Z,219002177,54.916340,11.364283,7.0,Under way using engine
2026-08-21T09:23:59Z,219000809,54.916088,11.360050,0.0,Under way using engine
2026-08-21T09:24:10Z,219000811,54.893792,11.438350,8.4,Under way using engine
2026-08-21T09:24:24Z,219002177,54.916223,11.362772,5.7,Under way using engine
2026-08-21T09:24:30Z,219000809,54.916080,11.360057,0.0,Under way using engine
2026-08-21T09:24:40Z,219000811,54.893208,11.440092,8.4,Under way using engine
2026-08-21T09:24:54Z,219002177,54.916262,11.361702,3.9,Under way using engine
2026-08-21T09:25:10Z,219000809,54.916060,11.360087,0.0,Under way using engine
2026-08-21T09:25:10Z,219000811,54.892603,11.441877,8.4,Under way using engine
2026-08-21T09:25:24Z,219002177,54.916320,11.361077,2.1,Under way using engine
2026-08-21T09:25:40Z,219000811,54.892017,11.443617,8.4,Under way using engine
2026-08-21T09:25:41Z,219000809,54.916062,11.360080,0.0,Under way using engine
2026-08-21T09:25:54Z,219002177,54.916358,11.360773,1.0,Under way using engine
2026-08-21T09:26:10Z,219000811,54.891430,11.445338,8.4,Under way using engine
2026-08-21T09:26:20Z,219000809,54.916072,11.360063,0.0,Under way using engine
2026-08-21T09:26:24Z,219002177,54.916360,11.360632,0.5,Under way using engine
2026-08-21T09:26:49Z,219000811,54.890642,11.447635,8.4,Under way using engine
2026-08-21T09:26:50Z,219000809,54.916083,11.360058,0.0,Under way using engine
2026-08-21T09:26:54Z,219002177,54.916352,11.360580,0.1,Under way using engine
2026-08-21T09:27:20Z,219000809,54.916052,11.360083,0.0,Under way using engine
2026-08-21T09:27:20Z,219000811,54.889998,11.449380,8.4,Under way using engine
2026-08-21T09:27:25Z,219002177,54.916357,11.360572,0.0,Under way using engine
2026-08-21T09:27:50Z,219000809,54.916050,11.360075,0.0,Under way using engine
2026-08-21T09:27:59Z,219000811,54.889190,11.451563,8.3,Under way using engine
2026-08-21T09:28:05Z,219002177,54.916352,11.360568,0.0,Under way using engine
2026-08-21T09:28:20Z,219000809,54.916062,11.360080,0.0,Under way using engine
2026-08-21T09:28:39Z,219000811,54.888298,11.453703,8.3,Under way using engine
2026-08-21T09:28:43Z,219002177,54.916348,11.360562,0.0,Under way using engine
2026-08-21T09:28:50Z,219000809,54.916062,11.360073,0.0,Under way using engine
2026-08-21T09:29:10Z,219000811,54.887528,11.455220,8.2,Under way using engine
2026-08-21T09:29:14Z,219002177,54.916342,11.360580,0.0,Under way using engine
2026-08-21T09:29:20Z,219000809,54.916078,11.360078,0.0,Under way using engine
2026-08-21T09:29:49Z,219000811,54.886538,11.457122,8.1,Under way using engine
2026-08-21T09:29:50Z,219000809,54.916093,11.360067,0.0,Under way using engine
2026-08-21T09:29:54Z,219002177,54.916357,11.360568,0.0,Under way using engine
2026-08-21T09:30:20Z,219000809,54.916068,11.360082,0.0,Under way using engine
2026-08-21T09:30:20Z,219000811,54.885778,11.458752,8.2,Under way using engine
2026-08-21T09:30:25Z,219002177,54.916333,11.360578,0.0,Under way using engine
2026-08-21T09:30:50Z,219000809,54.916058,11.360075,0.0,Under way using engine
2026-08-21T09:31:00Z,219000811,54.884890,11.460887,8.2,Under way using engine
2026-08-21T09:31:04Z,219002177,54.916325,11.360587,0.1,Under way using engine
2026-08-21T09:31:20Z,219000809,54.916062,11.360073,0.0,Under way using engine
2026-08-21T09:31:34Z,219002177,54.916337,11.360570,0.0,Under way using engine
2026-08-21T09:31:39Z,219000811,54.884072,11.462950,8.2,Under way using engine
2026-08-21T09:31:59Z,219000809,54.916058,11.360075,0.0,Under way using engine
2026-08-21T09:32:04Z,219002177,54.916345,11.360568,0.1,Under way using engine
2026-08-21T09:32:09Z,219000811,54.883448,11.464677,8.2,Under way using engine
2026-08-21T09:32:29Z,219000809,54.916068,11.360055,0.0,Under way using engine
2026-08-21T09:32:39Z,219000811,54.882838,11.466338,8.2,Under way using engine
2026-08-21T09:32:44Z,219002177,54.916320,11.360597,0.1,Under way using engine
2026-08-21T09:32:59Z,219000809,54.916018,11.360088,0.1,Under way using engine
2026-08-21T09:33:09Z,219000811,54.882248,11.468017,8.2,Under way using engine
2026-08-21T09:33:14Z,219002177,54.916298,11.360630,0.0,Under way using engine
2026-08-21T09:33:29Z,219000809,54.916047,11.360070,0.0,Under way using engine
2026-08-21T09:33:39Z,219000811,54.881680,11.469643,8.2,Under way using engine
2026-08-21T09:33:44Z,219002177,54.916325,11.360593,0.0,Under way using engine
2026-08-21T09:33:59Z,219000809,54.916060,11.360080,0.0,Under way using engine
2026-08-21T09:34:09Z,219000811,54.881140,11.471518,8.2,Under way using engine
2026-08-21T09:34:25Z,219002177,54.916338,11.360600,0.0,Under way using engine
2026-08-21T09:34:29Z,219000809,54.916052,11.360097,0.0,Under way using engine
2026-08-21T09:34:39Z,219000811,54.880910,11.473358,8.1,Under way using engine
2026-08-21T09:34:59Z,219000809,54.916062,11.360070,0.0,Under way using engine
2026-08-21T09:34:59Z,219002177,54.916347,11.360597,0.0,Under way using engine
2026-08-21T09:35:09Z,219000811,54.881012,11.475390,8.0,Under way using engine
2026-08-21T09:35:29Z,219000809,54.916072,11.360063,0.0,Under way using engine
2026-08-21T09:35:33Z,219002177,54.916340,11.360560,0.0,Under way using engine
2026-08-21T09:35:39Z,219000811,54.881180,11.477160,8.0,Under way using engine
2026-08-21T09:35:59Z,219000809,54.916078,11.360058,0.0,Under way using engine
2026-08-21T09:36:09Z,219000811,54.881332,11.479155,8.1,Under way using engine
2026-08-21T09:36:13Z,219002177,54.916348,11.360547,0.0,Under way using engine
2026-08-21T09:36:29Z,219000809,54.916073,11.360058,0.0,Under way using engine
2026-08-21T09:36:39Z,219000811,54.881708,11.480980,8.2,Under way using engine
2026-08-21T09:36:44Z,219002177,54.916355,11.360570,0.0,Under way using engine
2026-08-21T09:36:59Z,219000809,54.916078,11.360048,0.0,Under way using engine
2026-08-21T09:37:09Z,219000811,54.882450,11.482165,6.9,Under way using engine
2026-08-21T09:37:23Z,219002177,54.916342,11.360570,0.0,Under way using engine
2026-08-21T09:37:29Z,219000809,54.916077,11.360043,0.0,Under way using engine
2026-08-21T09:37:39Z,219000811,54.883082,11.482893,5.6,Under way using engine
2026-08-21T09:37:54Z,219002177,54.916345,11.360563,0.0,Under way using engine
2026-08-21T09:37:59Z,219000809,54.916072,11.360053,0.0,Under way using engine
2026-08-21T09:38:09Z,219000811,54.883750,11.483255,4.9,Under way using engine
2026-08-21T09:38:29Z,219000809,54.916070,11.360063,0.0,Under way using engine
2026-08-21T09:38:34Z,219002177,54.916357,11.360568,0.0,Under way using engine
2026-08-21T09:38:39Z,219000811,54.884157,11.483278,2.9,Under way using engine
2026-08-21T09:38:59Z,219000809,54.916060,11.360073,0.0,Under way using engine
2026-08-21T09:39:04Z,219002177,54.916347,11.360555,0.0,Under way using engine
2026-08-21T09:39:09Z,219000811,54.884282,11.483287,0.7,Under way using engine
2026-08-21T09:39:29Z,219000809,54.916038,11.360103,0.0,Under way using engine
2026-08-21T09:39:34Z,219002177,54.916323,11.360545,0.0,Under way using engine
2026-08-21T09:39:39Z,219000811,54.884323,11.483278,0.3,Under way using engine
2026-08-21T09:39:59Z,219000809,54.916037,11.360107,0.0,Under way using engine
2026-08-21T09:40:04Z,219002177,54.916322,11.360577,0.0,Under way using engine
2026-08-21T09:40:09Z,219000811,54.884328,11.483277,0.1,Under way using engine
2026-08-21T09:40:29Z,219000809,54.916040,11.360087,0.0,Under way using engine
2026-08-21T09:40:34Z,219002177,54.916348,11.360515,0.0,Under way using engine
2026-08-21T09:40:39Z,219000811,54.884327,11.483277,0.0,Under way using engine
2026-08-21T09:41:00Z,219000809,54.916055,11.360072,0.0,Under way using engine
2026-08-21T09:41:04Z,219002177,54.916325,11.360535,0.0,Under way using engine
2026-08-21T09:41:09Z,219000811,54.884325,11.483280,0.0,Under way using engine
2026-08-21T09:41:34Z,219002177,54.916342,11.360533,0.0,Under way using engine
2026-08-21T09:41:39Z,219000811,54.884325,11.483282,0.0,Under way using engine
2026-08-21T09:41:41Z,219000809,54.916077,11.360035,0.0,Under way using engine
2026-08-21T09:42:04Z,219002177,54.916360,11.360510,0.0,Under way using engine
2026-08-21T09:42:09Z,219000811,54.884323,11.483285,0.0,Under way using engine
2026-08-21T09:42:20Z,219000809,54.916077,11.360037,0.0,Under way using engine
2026-08-21T09:42:34Z,219002177,54.916362,11.360522,0.1,Under way using engine
2026-08-21T09:42:39Z,219000811,54.884325,11.483288,0.0,Under way using engine
2026-08-21T09:42:50Z,219000809,54.916072,11.360063,0.0,Under way using engine
2026-08-21T09:43:04Z,219002177,54.916345,11.360563,0.0,Under way using engine
2026-08-21T09:43:09Z,219000811,54.884325,11.483288,0.0,Under way using engine
2026-08-21T09:43:20Z,219000809,54.916070,11.360072,0.0,Under way using engine
2026-08-21T09:43:34Z,219002177,54.916357,11.360545,0.0,Under way using engine
2026-08-21T09:43:40Z,219000811,54.884325,11.483288,0.0,Under way using engine
2026-08-21T09:43:50Z,219000809,54.916070,11.360072,0.0,Under way using engine
2026-08-21T09:44:04Z,219002177,54.916370,11.360572,0.0,Under way using engine
2026-08-21T09:44:19Z,219000811,54.884325,11.483285,0.0,Under way using engine
2026-08-21T09:44:20Z,219000809,54.916057,11.360087,0.1,Under way using engine
2026-08-21T09:44:34Z,219002177,54.916338,11.360537,0.0,Under way using engine
2026-08-21T09:44:50Z,219000809,54.916055,11.360092,0.0,Under way using engine
2026-08-21T09:44:50Z,219000811,54.884325,11.483285,0.0,Under way using engine
2026-08-21T09:45:04Z,219002177,54.916333,11.360585,0.0,Under way using engine
2026-08-21T09:45:20Z,219000809,54.916048,11.360102,0.0,Under way using engine
2026-08-21T09:45:30Z,219000811,54.884323,11.483285,0.0,Under way using engine
2026-08-21T09:45:34Z,219002177,54.916318,11.360575,0.0,Under way using engine
2026-08-21T09:45:50Z,219000809,54.916053,11.360110,0.0,Under way using engine
2026-08-21T09:46:04Z,219002177,54.916322,11.360565,0.0,Under way using engine
2026-08-21T09:46:09Z,219000811,54.884323,11.483283,0.0,Under way using engine
2026-08-21T09:46:20Z,219000809,54.916058,11.360103,0.0,Under way using engine
2026-08-21T09:46:35Z,219002177,54.916347,11.360590,0.0,Under way using engine
2026-08-21T09:46:40Z,219000811,54.884323,11.483283,0.0,Under way using engine
2026-08-21T09:46:50Z,219000809,54.916067,11.360085,0.0,Under way using engine
2026-08-21T09:47:14Z,219002177,54.916342,11.360580,0.0,Under way using engine
2026-08-21T09:47:19Z,219000811,54.884323,11.483283,0.0,Under way using engine
2026-08-21T09:47:21Z,219000809,54.916080,11.360080,0.0,Under way using engine
2026-08-21T09:47:45Z,219002177,54.916357,11.360580,0.0,Under way using engine
2026-08-21T09:47:50Z,219000811,54.884327,11.483280,0.0,Under way using engine
2026-08-21T09:48:00Z,219000809,54.916067,11.360077,0.0,Under way using engine
2026-08-21T09:48:20Z,219000811,54.884327,11.483278,0.0,Under way using engine
2026-08-21T09:48:25Z,219002177,54.916338,11.360565,0.0,Under way using engine
2026-08-21T09:48:31Z,219000809,54.916075,11.360070,0.0,Under way using engine
2026-08-21T09:48:55Z,219002177,54.916350,11.360582,0.0,Under way using engine
2026-08-21T09:48:59Z,219000811,54.884327,11.483278,0.0,Under way using engine
2026-08-21T09:49:10Z,219000809,54.916068,11.360078,0.0,Under way using engine
2026-08-21T09:49:30Z,219000811,54.884327,11.483278,0.0,Under way using engine
2026-08-21T09:49:35Z,219002177,54.916345,11.360557,0.0,Under way using engine
2026-08-21T09:49:40Z,219000809,54.916068,11.360080,0.0,Under way using engine
2026-08-21T09:50:00Z,219000811,54.884327,11.483280,0.0,Under way using engine
2026-08-21T09:50:10Z,219000809,54.916063,11.360085,0.0,Under way using engine
2026-08-21T09:50:15Z,219002177,54.916343,11.360587,0.0,Under way using engine
2026-08-21T09:50:30Z,219000811,54.884327,11.483280,0.0,Under way using engine
2026-08-21T09:50:40Z,219000809,54.916068,11.360078,0.0,Under way using engine
2026-08-21T09:50:45Z,219002177,54.916327,11.360562,0.0,Under way using engine
2026-08-21T09:51:00Z,219000811,54.884282,11.483282,0.2,Under way using engine
2026-08-21T09:51:10Z,219000809,54.916062,11.360068,0.0,Under way using engine
2026-08-21T09:51:15Z,219002177,54.916353,11.360568,0.0,Under way using engine
2026-08-21T09:51:30Z,219000811,54.883903,11.483332,2.8,Under way using engine
2026-08-21T09:51:40Z,219000809,54.916075,11.360063,0.0,Under way using engine
2026-08-21T09:51:45Z,219002177,54.916342,11.360552,0.0,Under way using engine
2026-08-21T09:52:00Z,219000811,54.883280,11.483612,4.6,Under way using engine
2026-08-21T09:52:10Z,219000809,54.916057,11.360103,0.6,Under way using engine
2026-08-21T09:52:15Z,219002177,54.916343,11.360567,0.0,Under way using engine
2026-08-21T09:52:30Z,219000811,54.883005,11.483887,2.3,Under way using engine
2026-08-21T09:52:40Z,219000809,54.916020,11.361008,5.0,Under way using engine
2026-08-21T09:52:45Z,219002177,54.916330,11.360563,0.0,Under way using engine
2026-08-21T09:53:00Z,219000811,54.882483,11.482943,5.7,Under way using engine
2026-08-21T09:53:10Z,219000809,54.916173,11.362573,7.3,Under way using engine
2026-08-21T09:53:15Z,219002177,54.916342,11.360562,0.0,Under way using engine
2026-08-21T09:53:30Z,219000811,54.882040,11.481305,7.6,Under way using engine
2026-08-21T09:53:40Z,219000809,54.916358,11.364478,8.3,Under way using engine
2026-08-21T09:53:45Z,219002177,54.916345,11.360553,0.0,Under way using engine
2026-08-21T09:54:00Z,219000811,54.881860,11.479318,8.1,Under way using engine
2026-08-21T09:54:10Z,219000809,54.916517,11.366518,8.6,Under way using engine
2026-08-21T09:54:15Z,219002177,54.916342,11.360552,0.0,Under way using engine
2026-08-21T09:54:30Z,219000811,54.881637,11.477352,8.3,Under way using engine
2026-08-21T09:54:45Z,219002177,54.916362,11.360568,0.0,Under way using engine
2026-08-21T09:54:50Z,219000809,54.916818,11.369317,9.0,Under way using engine
2026-08-21T09:55:00Z,219000811,54.881553,11.475422,8.4,Under way using engine
2026-08-21T09:55:15Z,219002177,54.916357,11.360557,0.0,Under way using engine
2026-08-21T09:55:23Z,219000809,54.916847,11.371672,8.8,Under way using engine
2026-08-21T09:55:30Z,219000811,54.881583,11.473283,8.6,Under way using engine
2026-08-21T09:55:45Z,219002177,54.916363,11.360577,0.0,Under way using engine
2026-08-21T09:55:53Z,219000809,54.916370,11.373550,8.6,Under way using engine
2026-08-21T09:56:00Z,219000811,54.881762,11.471325,8.6,Under way using engine
2026-08-21T09:56:15Z,219002177,54.916360,11.360572,0.0,Under way using engine
2026-08-21T09:56:23Z,219000809,54.915717,11.375305,8.8,Under way using engine
2026-08-21T09:56:30Z,219000811,54.882122,11.469232,8.6,Under way using engine
2026-08-21T09:56:45Z,219002177,54.916362,11.360565,0.0,Under way using engine
2026-08-21T09:57:00Z,219000809,54.914872,11.377500,8.9,Under way using engine
2026-08-21T09:57:00Z,219000811,54.882608,11.467253,9.0,Under way using engine
2026-08-21T09:57:15Z,219002177,54.916345,11.360542,0.0,Under way using engine
2026-08-21T09:57:30Z,219000809,54.914178,11.379298,8.9,Under way using engine
2026-08-21T09:57:30Z,219000811,54.883195,11.465342,9.0,Under way using engine
2026-08-21T09:57:45Z,219002177,54.916345,11.360550,0.0,Under way using engine
2026-08-21T09:58:00Z,219000809,54.913493,11.381082,8.9,Under way using engine
2026-08-21T09:58:00Z,219000811,54.883937,11.463595,9.1,Under way using engine
2026-08-21T09:58:15Z,219002177,54.916337,11.360560,0.0,Under way using engine
2026-08-21T09:58:30Z,219000809,54.912812,11.382860,8.9,Under way using engine
2026-08-21T09:58:30Z,219000811,54.884700,11.461857,9.0,Under way using engine
2026-08-21T09:58:45Z,219002177,54.916352,11.360567,0.0,Under way using engine
2026-08-21T09:59:00Z,219000809,54.912125,11.384640,8.9,Under way using engine
2026-08-21T09:59:00Z,219000811,54.885508,11.460215,9.0,Under way using engine
2026-08-21T09:59:15Z,219002177,54.916355,11.360568,0.0,Under way using engine
2026-08-21T09:59:30Z,219000809,54.911443,11.386407,8.8,Under way using engine
2026-08-21T09:59:30Z,219000811,54.886362,11.458555,9.0,Under way using engine
2026-08-21T09:59:45Z,219002177,54.916342,11.360563,0.0,Under way using engine
2026-08-21T10:00:00Z,219000809,54.910752,11.388148,8.7,Under way using engine
2026-08-21T10:00:00Z,219000811,54.887160,11.456995,9.0,Under way using engine
2026-08-21T10:00:15Z,219002177,54.916337,11.360562,0.0,Under way using engine
2026-08-21T10:00:30Z,219000809,54.910038,11.389873,8.8,Under way using engine
2026-08-21T10:00:30Z,219000811,54.888005,11.455413,9.0,Under way using engine
2026-08-21T10:00:45Z,219002177,54.916297,11.360780,1.7,Under way using engine
2026-08-21T10:01:00Z,219000809,54.909318,11.391558,8.7,Under way using engine
2026-08-21T10:01:00Z,219000811,54.888852,11.453737,9.1,Under way using engine
2026-08-21T10:01:25Z,219002177,54.916278,11.361877,4.2,Under way using engine
2026-08-21T10:01:30Z,219000809,54.908607,11.393197,8.4,Under way using engine
2026-08-21T10:01:33Z,219000811,54.889618,11.451695,8.9,Under way using engine
2026-08-21T10:02:03Z,219000809,54.908193,11.395205,8.1,Under way using engine
2026-08-21T10:02:04Z,219002177,54.916333,11.363438,5.3,Under way using engine
2026-08-21T10:02:09Z,219000811,54.890402,11.449605,8.9,Under way using engine
2026-08-21T10:02:33Z,219000809,54.908095,11.397153,8.1,Under way using engine
2026-08-21T10:02:34Z,219002177,54.916398,11.364782,5.7,Under way using engine
2026-08-21T10:02:39Z,219000811,54.891060,11.447668,8.9,Under way using engine
2026-08-21T10:03:03Z,219000809,54.908365,11.399057,8.1,Under way using engine
2026-08-21T10:03:04Z,219002177,54.916432,11.366227,6.1,Under way using engine
2026-08-21T10:03:09Z,219000811,54.891658,11.445925,8.8,Under way using engine
2026-08-21T10:03:33Z,219000809,54.909062,11.400640,8.4,Under way using engine
2026-08-21T10:03:34Z,219002177,54.916553,11.367697,6.3,Under way using engine
2026-08-21T10:03:39Z,219000811,54.892302,11.444123,8.9,Under way using engine
2026-08-21T10:04:04Z,219002177,54.916673,11.369220,6.5,Under way using engine
2026-08-21T10:04:09Z,219000809,54.909993,11.402555,8.6,Under way using engine
2026-08-21T10:04:09Z,219000811,54.892918,11.442250,8.9,Under way using engine
2026-08-21T10:04:34Z,219002177,54.916850,11.370690,5.9,Under way using engine
2026-08-21T10:04:39Z,219000811,54.893530,11.440513,8.8,Under way using engine
2026-08-21T10:04:40Z,219000809,54.910760,11.404255,8.8,Under way using engine
2026-08-21T10:05:04Z,219002177,54.917403,11.371353,4.8,Under way using engine
2026-08-21T10:05:09Z,219000811,54.894182,11.438635,8.9,Under way using engine
2026-08-21T10:05:20Z,219000809,54.911773,11.406490,8.9,Under way using engine
2026-08-21T10:05:34Z,219002177,54.918128,11.371455,5.4,Under way using engine
2026-08-21T10:05:39Z,219000811,54.894803,11.436790,8.9,Under way using engine
2026-08-21T10:05:59Z,219000809,54.912742,11.408653,8.8,Under way using engine
2026-08-21T10:06:04Z,219002177,54.918925,11.371588,5.9,Under way using engine
2026-08-21T10:06:09Z,219000811,54.895455,11.435022,8.8,Under way using engine
2026-08-21T10:06:30Z,219000809,54.913500,11.410318,8.7,Under way using engine
2026-08-21T10:06:34Z,219002177,54.919765,11.371688,6.2,Under way using engine
2026-08-21T10:06:39Z,219000811,54.896055,11.433195,8.7,Under way using engine
2026-08-21T10:07:00Z,219000809,54.914245,11.412065,8.8,Under way using engine
2026-08-21T10:07:04Z,219002177,54.920650,11.371790,6.5,Under way using engine
2026-08-21T10:07:09Z,219000811,54.896643,11.431305,8.7,Under way using engine
2026-08-21T10:07:30Z,219000809,54.914985,11.413660,8.7,Under way using engine
2026-08-21T10:07:34Z,219002177,54.921562,11.371865,6.7,Under way using engine
2026-08-21T10:07:39Z,219000811,54.897243,11.429488,8.8,Under way using engine
2026-08-21T10:08:00Z,219000809,54.915783,11.415362,8.7,Under way using engine
2026-08-21T10:08:04Z,219002177,54.922507,11.371960,6.8,Under way using engine
2026-08-21T10:08:09Z,219000811,54.897802,11.427605,8.8,Under way using engine
2026-08-21T10:08:30Z,219000809,54.916500,11.416910,8.6,Under way using engine
2026-08-21T10:08:34Z,219002177,54.923465,11.372072,6.9,Under way using engine
2026-08-21T10:08:39Z,219000811,54.898375,11.425747,8.8,Under way using engine
2026-08-21T10:09:00Z,219000809,54.917313,11.418575,8.9,Under way using engine
2026-08-21T10:09:04Z,219002177,54.924410,11.372178,6.9,Under way using engine
2026-08-21T10:09:09Z,219000811,54.898967,11.423865,8.9,Under way using engine
2026-08-21T10:09:30Z,219000809,54.918083,11.420150,8.8,Under way using engine
2026-08-21T10:09:34Z,219002177,54.925343,11.372275,6.9,Under way using engine
2026-08-21T10:09:39Z,219000811,54.899555,11.421957,9.0,Under way using engine
2026-08-21T10:10:00Z,219000809,54.918897,11.421835,8.8,Under way using engine
2026-08-21T10:10:04Z,219002177,54.926358,11.372168,6.8,Under way using engine
2026-08-21T10:10:09Z,219000811,54.900135,11.420048,9.0,Under way using engine
2026-08-21T10:10:34Z,219002177,54.927268,11.372143,6.8,Under way using engine
2026-08-21T10:10:39Z,219000809,54.919945,11.423893,8.8,Under way using engine
2026-08-21T10:10:40Z,219000811,54.900727,11.418092,8.9,Under way using engine
2026-08-21T10:11:04Z,219002177,54.928200,11.372040,6.8,Under way using engine
2026-08-21T10:11:10Z,219000809,54.920655,11.425657,8.9,Under way using engine
2026-08-21T10:11:18Z,219000811,54.901435,11.415702,8.8,Under way using engine
2026-08-21T10:11:34Z,219002177,54.929142,11.371855,6.8,Under way using engine
2026-08-21T10:11:49Z,219000811,54.902020,11.413718,8.8,Under way using engine
2026-08-21T10:11:50Z,219000809,54.921648,11.428045,8.9,Under way using engine
2026-08-21T10:12:04Z,219002177,54.930057,11.371685,6.8,Under way using engine
2026-08-21T10:12:22Z,219000811,54.902553,11.411845,8.8,Under way using engine
2026-08-21T10:12:29Z,219000809,54.922630,11.430303,9.1,Under way using engine
2026-08-21T10:12:34Z,219002177,54.931015,11.371515,6.9,Under way using engine
2026-08-21T10:12:59Z,219000809,54.923310,11.432075,8.8,Under way using engine
2026-08-21T10:12:59Z,219000811,54.903312,11.409267,8.8,Under way using engine
2026-08-21T10:13:04Z,219002177,54.931967,11.371328,7.0,Under way using engine
2026-08-21T10:13:29Z,219000809,54.924050,11.433838,9.1,Under way using engine
2026-08-21T10:13:30Z,219000811,54.903870,11.407378,8.8,Under way using engine
2026-08-21T10:13:34Z,219002177,54.932917,11.371178,6.9,Under way using engine
2026-08-21T10:13:59Z,219000809,54.924772,11.435605,9.0,Under way using engine
2026-08-21T10:14:04Z,219002177,54.933875,11.371123,6.9,Under way using engine
2026-08-21T10:14:10Z,219000811,54.904610,11.404910,8.8,Under way using engine
2026-08-21T10:14:29Z,219000809,54.925535,11.437325,9.0,Under way using engine
2026-08-21T10:14:40Z,219000811,54.905223,11.403035,8.8,Under way using engine
2026-08-21T10:14:44Z,219002177,54.935072,11.371395,6.0,Under way using engine
2026-08-21T10:14:59Z,219000809,54.926272,11.439073,9.0,Under way using engine
2026-08-21T10:15:10Z,219000811,54.905882,11.401250,8.8,Under way using engine
2026-08-21T10:15:14Z,219002177,54.935615,11.371717,3.2,Under way using engine
2026-08-21T10:15:29Z,219000809,54.927027,11.440800,9.0,Under way using engine
2026-08-21T10:15:40Z,219000811,54.906567,11.399412,9.0,Under way using engine
2026-08-21T10:15:44Z,219002177,54.935847,11.371870,1.2,Under way using engine
2026-08-21T10:15:59Z,219000809,54.927798,11.442475,8.9,Under way using engine
2026-08-21T10:16:10Z,219000811,54.907235,11.397655,9.1,Under way using engine
2026-08-21T10:16:14Z,219002177,54.935973,11.371983,0.8,Under way using engine
2026-08-21T10:16:30Z,219000809,54.928535,11.444248,8.8,Under way using engine
2026-08-21T10:16:40Z,219000811,54.907962,11.395695,9.2,Under way using engine
2026-08-21T10:16:44Z,219002177,54.935958,11.371982,0.0,Under way using engine
2026-08-21T10:17:10Z,219000809,54.929590,11.446345,8.7,Under way using engine
2026-08-21T10:17:10Z,219000811,54.908617,11.393893,9.2,Under way using engine
2026-08-21T10:17:14Z,219002177,54.935983,11.372018,0.0,Under way using engine
2026-08-21T10:17:44Z,219002177,54.935973,11.372022,0.0,Under way using engine
2026-08-21T10:17:49Z,219000811,54.909543,11.391350,9.5,Under way using engine
2026-08-21T10:17:50Z,219000809,54.930653,11.448483,9.0,Under way using engine
2026-08-21T10:18:14Z,219002177,54.935958,11.372013,0.0,Under way using engine
2026-08-21T10:18:19Z,219000811,54.910263,11.389442,9.6,Under way using engine
2026-08-21T10:18:20Z,219000809,54.931525,11.450158,9.0,Under way using engine
2026-08-21T10:18:44Z,219002177,54.935963,11.371995,0.0,Under way using engine
2026-08-21T10:18:49Z,219000811,54.910987,11.387592,9.4,Under way using engine
2026-08-21T10:18:50Z,219000809,54.932225,11.451842,9.0,Under way using engine
2026-08-21T10:19:14Z,219002177,54.935960,11.371970,0.0,Under way using engine
2026-08-21T10:19:19Z,219000811,54.911737,11.385717,9.2,Under way using engine
2026-08-21T10:19:20Z,219000809,54.932923,11.453725,9.0,Under way using engine
2026-08-21T10:19:44Z,219002177,54.935950,11.371983,0.1,Under way using engine
2026-08-21T10:19:49Z,219000811,54.912450,11.384030,9.0,Under way using engine
2026-08-21T10:19:50Z,219000809,54.933555,11.455583,9.0,Under way using engine
2026-08-21T10:20:14Z,219002177,54.935970,11.372015,0.0,Under way using engine
2026-08-21T10:20:19Z,219000811,54.913173,11.382208,8.9,Under way using engine
2026-08-21T10:20:20Z,219000809,54.934225,11.457398,9.0,Under way using engine
2026-08-21T10:20:44Z,219002177,54.935963,11.371995,0.0,Under way using engine
2026-08-21T10:20:49Z,219000811,54.913898,11.380462,9.0,Under way using engine
2026-08-21T10:20:50Z,219000809,54.934875,11.459268,9.1,Under way using engine
2026-08-21T10:21:14Z,219002177,54.935972,11.372002,0.0,Under way using engine
2026-08-21T10:21:20Z,219000809,54.935532,11.461050,9.0,Under way using engine
2026-08-21T10:21:30Z,219000811,54.914892,11.378040,9.0,Under way using engine
2026-08-21T10:21:44Z,219002177,54.935908,11.371987,0.1,Under way using engine
2026-08-21T10:21:50Z,219000809,54.936103,11.463060,9.1,Under way using engine
2026-08-21T10:22:09Z,219000811,54.915832,11.375647,9.0,Under way using engine
2026-08-21T10:22:14Z,219002177,54.935765,11.371833,2.3,Under way using engine
2026-08-21T10:22:20Z,219000809,54.936685,11.464907,9.1,Under way using engine
2026-08-21T10:22:43Z,219000811,54.916447,11.373563,8.8,Under way using engine
2026-08-21T10:22:44Z,219002177,54.935290,11.371455,4.2,Under way using engine
2026-08-21T10:22:50Z,219000809,54.937282,11.466948,9.1,Under way using engine
2026-08-21T10:23:13Z,219000811,54.916682,11.371523,8.6,Under way using engine
2026-08-21T10:23:14Z,219002177,54.934693,11.371035,5.1,Under way using engine
2026-08-21T10:23:20Z,219000809,54.937860,11.468815,9.0,Under way using engine
2026-08-21T10:23:43Z,219000811,54.916717,11.369548,8.6,Under way using engine
2026-08-21T10:23:44Z,219002177,54.933905,11.370993,5.9,Under way using engine
2026-08-21T10:23:50Z,219000809,54.938422,11.470845,9.1,Under way using engine
2026-08-21T10:24:14Z,219002177,54.933007,11.370932,6.7,Under way using engine
2026-08-21T10:24:18Z,219000811,54.916580,11.367022,8.6,Under way using engine
2026-08-21T10:24:20Z,219000809,54.938945,11.472727,9.1,Under way using engine
2026-08-21T10:24:45Z,219002177,54.931997,11.370905,7.1,Under way using engine
2026-08-21T10:24:49Z,219000811,54.916442,11.364978,8.6,Under way using engine
2026-08-21T10:24:50Z,219000809,54.939518,11.474750,9.1,Under way using engine
2026-08-21T10:25:20Z,219000809,54.940227,11.476505,8.6,Under way using engine
2026-08-21T10:25:25Z,219002177,54.930710,11.370848,7.3,Under way using engine
2026-08-21T10:25:30Z,219000811,54.916310,11.362450,7.2,Under way using engine
2026-08-21T10:25:50Z,219000809,54.941165,11.477932,8.9,Under way using engine
2026-08-21T10:26:04Z,219002177,54.929388,11.370838,7.4,Under way using engine
2026-08-21T10:26:09Z,219000811,54.916092,11.360862,5.0,Under way using engine
2026-08-21T10:26:20Z,219000809,54.942072,11.479452,9.1,Under way using engine
2026-08-21T10:26:34Z,219002177,54.928372,11.370840,7.4,Under way using engine
2026-08-21T10:26:42Z,219000811,54.915933,11.360730,1.2,Under way using engine
2026-08-21T10:26:50Z,219000809,54.942947,11.480988,9.2,Under way using engine
2026-08-21T10:27:04Z,219002177,54.927347,11.370835,7.3,Under way using engine
2026-08-21T10:27:12Z,219000811,54.916010,11.360490,1.5,Under way using engine
2026-08-21T10:27:20Z,219000809,54.943993,11.482148,8.9,Under way using engine
2026-08-21T10:27:34Z,219002177,54.926352,11.370820,7.1,Under way using engine
2026-08-21T10:27:43Z,219000811,54.916060,11.360095,1.5,Under way using engine
2026-08-21T10:27:50Z,219000809,54.945212,11.482717,9.3,Under way using engine
2026-08-21T10:28:04Z,219002177,54.925353,11.370827,7.0,Under way using engine
2026-08-21T10:28:18Z,219000811,54.916077,11.359957,0.3,Under way using engine
2026-08-21T10:28:20Z,219000809,54.946465,11.483327,9.4,Under way using engine
2026-08-21T10:28:34Z,219002177,54.924390,11.370820,6.9,Under way using engine
2026-08-21T10:28:49Z,219000811,54.916077,11.359955,0.0,Under way using engine
2026-08-21T10:28:50Z,219000809,54.947727,11.483920,9.4,Under way using engine
2026-08-21T10:29:04Z,219002177,54.923432,11.370808,6.9,Under way using engine
2026-08-21T10:29:20Z,219000809,54.948987,11.484567,9.5,Under way using engine
2026-08-21T10:29:30Z,219000811,54.916075,11.359957,0.0,Under way using engine
2026-08-21T10:29:35Z,219002177,54.922462,11.370828,6.8,Under way using engine
2026-08-21T10:30:00Z,219000809,54.950653,11.485225,9.6,Under way using engine
2026-08-21T10:30:09Z,219000811,54.916072,11.359958,0.0,Under way using engine
2026-08-21T10:30:14Z,219002177,54.921237,11.370858,6.7,Under way using engine
2026-08-21T10:30:39Z,219000809,54.952380,11.485955,9.6,Under way using engine
2026-08-21T10:30:44Z,219002177,54.920297,11.370890,6.7,Under way using engine
2026-08-21T10:30:49Z,219000811,54.916068,11.359957,0.0,Under way using engine
2026-08-21T10:31:10Z,219000809,54.953702,11.486432,9.8,Under way using engine
2026-08-21T10:31:14Z,219002177,54.919380,11.370982,6.6,Under way using engine
2026-08-21T10:31:30Z,219000811,54.916067,11.359960,0.0,Under way using engine
2026-08-21T10:31:44Z,219002177,54.918457,11.371147,6.6,Under way using engine
2026-08-21T10:31:49Z,219000809,54.955440,11.487085,9.6,Under way using engine
2026-08-21T10:32:09Z,219000811,54.916067,11.359962,0.0,Under way using engine
2026-08-21T10:32:14Z,219002177,54.917547,11.371312,6.5,Under way using engine
2026-08-21T10:32:19Z,219000809,54.956737,11.487583,9.5,Under way using engine
2026-08-21T10:32:39Z,219000811,54.916067,11.359962,0.0,Under way using engine
2026-08-21T10:32:44Z,219002177,54.916862,11.370773,4.8,Under way using engine
2026-08-21T10:32:49Z,219000809,54.957997,11.488058,9.7,Under way using engine
2026-08-21T10:33:09Z,219000811,54.916068,11.359960,0.0,Under way using engine
2026-08-21T10:33:14Z,219002177,54.916735,11.369610,5.1,Under way using engine
2026-08-21T10:33:29Z,219000809,54.959733,11.488777,9.5,Under way using engine
2026-08-21T10:33:39Z,219000811,54.916073,11.359960,0.0,Under way using engine
2026-08-21T10:33:44Z,219002177,54.916670,11.368257,5.9,Under way using engine
2026-08-21T10:34:00Z,219000809,54.961048,11.489257,9.4,Under way using engine
2026-08-21T10:34:09Z,219000811,54.916075,11.359962,0.0,Under way using engine
2026-08-21T10:34:14Z,219002177,54.916562,11.366777,6.3,Under way using engine
2026-08-21T10:34:33Z,219000809,54.962348,11.490023,9.1,Under way using engine
2026-08-21T10:34:39Z,219000811,54.916078,11.359965,0.0,Under way using engine
2026-08-21T10:34:44Z,219002177,54.916483,11.365235,6.5,Under way using engine
2026-08-21T10:35:03Z,219000809,54.963447,11.491200,9.0,Under way using engine
2026-08-21T10:35:09Z,219000811,54.916080,11.359968,0.0,Under way using engine
2026-08-21T10:35:15Z,219002177,54.916380,11.363628,6.5,Under way using engine
2026-08-21T10:35:39Z,219000809,54.964723,11.492660,9.2,Under way using engine
2026-08-21T10:35:39Z,219000811,54.916080,11.359970,0.0,Under way using engine
2026-08-21T10:35:54Z,219002177,54.916377,11.361870,5.0,Under way using engine
2026-08-21T10:36:09Z,219000811,54.916078,11.359968,0.0,Under way using engine
2026-08-21T10:36:10Z,219000809,54.965787,11.493888,9.3,Under way using engine
2026-08-21T10:36:25Z,219002177,54.916355,11.361015,2.6,Under way using engine
2026-08-21T10:36:39Z,219000811,54.916077,11.359972,0.0,Under way using engine
2026-08-21T10:36:49Z,219000809,54.967230,11.495527,9.2,Under way using engine
2026-08-21T10:37:05Z,219002177,54.916355,11.360655,0.7,Under way using engine
2026-08-21T10:37:09Z,219000811,54.916077,11.359975,0.0,Under way using engine
2026-08-21T10:37:20Z,219000809,54.968277,11.496898,9.2,Under way using engine
2026-08-21T10:37:39Z,219000811,54.916077,11.359975,0.0,Under way using engine
2026-08-21T10:37:44Z,219002177,54.916355,11.360578,0.0,Under way using engine
2026-08-21T10:38:00Z,219000809,54.969635,11.498735,9.3,Under way using engine
2026-08-21T10:38:09Z,219000811,54.916075,11.359975,0.0,Under way using engine
2026-08-21T10:38:15Z,219002177,54.916353,11.360567,0.0,Under way using engine
2026-08-21T10:38:39Z,219000809,54.970885,11.500625,9.2,Under way using engine
2026-08-21T10:38:39Z,219000811,54.916077,11.359970,0.0,Under way using engine
2026-08-21T10:38:54Z,219002177,54.916352,11.360595,0.0,Under way using engine
2026-08-21T10:39:10Z,219000809,54.971702,11.502382,9.0,Under way using engine
2026-08-21T10:39:10Z,219000811,54.916077,11.359967,0.0,Under way using engine
2026-08-21T10:39:25Z,219002177,54.916347,11.360585,0.0,Under way using engine
2026-08-21T10:39:43Z,219000809,54.972160,11.504475,8.8,Under way using engine
2026-08-21T10:39:49Z,219000811,54.916067,11.360035,0.2,Under way using engine
2026-08-21T10:40:03Z,219002177,54.916348,11.360570,0.0,Under way using engine
2026-08-21T10:40:13Z,219000809,54.972272,11.506588,8.4,Under way using engine
2026-08-21T10:40:26Z,219000811,54.916033,11.360847,3.3,Under way using engine
2026-08-21T10:40:34Z,219002177,54.916347,11.360568,0.0,Under way using engine
2026-08-21T10:40:43Z,219000809,54.972133,11.508593,8.4,Under way using engine
2026-08-21T10:40:56Z,219000811,54.916197,11.362235,6.0,Under way using engine
2026-08-21T10:41:14Z,219002177,54.916358,11.360563,0.0,Under way using engine
2026-08-21T10:41:20Z,219000809,54.971978,11.511023,7.8,Under way using engine
2026-08-21T10:41:29Z,219000811,54.916393,11.364185,7.2,Under way using engine
2026-08-21T10:41:45Z,219002177,54.916338,11.360565,0.0,Under way using engine
2026-08-21T10:41:59Z,219000809,54.971922,11.512847,4.9,Under way using engine
2026-08-21T10:41:59Z,219000811,54.916548,11.365958,8.1,Under way using engine
2026-08-21T10:42:25Z,219002177,54.916338,11.360575,0.0,Under way using engine
2026-08-21T10:42:29Z,219000809,54.971923,11.513718,2.9,Under way using engine
2026-08-21T10:42:29Z,219000811,54.916442,11.368058,8.3,Under way using engine
2026-08-21T10:42:59Z,219000809,54.971925,11.514208,1.7,Under way using engine
2026-08-21T10:42:59Z,219000811,54.916000,11.369888,8.2,Under way using engine
2026-08-21T10:43:03Z,219002177,54.916335,11.360580,0.0,Under way using engine
2026-08-21T10:43:29Z,219000809,54.971908,11.514453,0.5,Under way using engine
2026-08-21T10:43:29Z,219000811,54.915477,11.371650,8.3,Under way using engine
2026-08-21T10:43:34Z,219002177,54.916338,11.360572,0.0,Under way using engine
2026-08-21T10:43:59Z,219000809,54.971903,11.514562,0.2,Under way using engine
2026-08-21T10:43:59Z,219000811,54.914917,11.373387,8.3,Under way using engine
2026-08-21T10:44:05Z,219002177,54.916342,11.360578,0.0,Under way using engine
2026-08-21T10:44:29Z,219000809,54.971905,11.514605,0.1,Under way using engine
2026-08-21T10:44:29Z,219000811,54.914348,11.375188,8.5,Under way using engine
2026-08-21T10:44:44Z,219002177,54.916338,11.360563,0.0,Under way using engine
2026-08-21T10:44:59Z,219000809,54.971908,11.514598,0.0,Under way using engine
2026-08-21T10:44:59Z,219000811,54.913783,11.377035,8.5,Under way using engine
2026-08-21T10:45:14Z,219002177,54.916345,11.360565,0.0,Under way using engine
2026-08-21T10:45:29Z,219000811,54.913205,11.378863,8.4,Under way using engine
2026-08-21T10:45:30Z,219000809,54.971915,11.514588,0.0,Under way using engine
2026-08-21T10:45:44Z,219002177,54.916348,11.360567,0.0,Under way using engine
2026-08-21T10:46:00Z,219000811,54.912632,11.380685,8.4,Under way using engine
2026-08-21T10:46:09Z,219000809,54.971918,11.514595,0.0,Under way using engine
2026-08-21T10:46:15Z,219002177,54.916352,11.360572,0.0,Under way using engine
2026-08-21T10:46:39Z,219000811,54.911835,11.382903,8.1,Under way using engine
2026-08-21T10:46:41Z,219000809,54.971908,11.514593,0.0,Under way using engine
2026-08-21T10:46:55Z,219002177,54.916345,11.360567,0.0,Under way using engine
2026-08-21T10:47:10Z,219000811,54.911233,11.384543,8.1,Under way using engine
2026-08-21T10:47:19Z,219000809,54.971900,11.514578,0.0,Under way using engine
2026-08-21T10:47:35Z,219002177,54.916342,11.360555,0.0,Under way using engine
2026-08-21T10:47:50Z,219000809,54.971902,11.514573,0.0,Under way using engine
2026-08-21T10:47:50Z,219000811,54.910425,11.386782,8.1,Under way using engine
2026-08-21T10:48:05Z,219002177,54.916352,11.360560,0.0,Under way using engine
2026-08-21T10:48:24Z,219000811,54.909857,11.388365,8.0,Under way using engine
2026-08-21T10:48:35Z,219002177,54.916352,11.360563,0.0,Under way using engine
2026-08-21T10:48:41Z,219000809,54.971905,11.514598,0.0,Under way using engine
2026-08-21T10:49:00Z,219000811,54.909065,11.390567,8.0,Under way using engine
2026-08-21T10:49:05Z,219002177,54.916347,11.360557,0.0,Under way using engine
2026-08-21T10:49:19Z,219000809,54.971905,11.514600,0.0,Under way using engine
2026-08-21T10:49:35Z,219002177,54.916352,11.360562,0.0,Under way using engine
2026-08-21T10:49:39Z,219000811,54.908262,11.392823,8.1,Under way using engine
2026-08-21T10:49:50Z,219000809,54.971912,11.514607,0.0,Under way using engine
2026-08-21T10:50:05Z,219002177,54.916362,11.360562,0.0,Under way using engine
2026-08-21T10:50:09Z,219000811,54.907680,11.394420,8.2,Under way using engine
2026-08-21T10:50:30Z,219000809,54.971907,11.514608,0.0,Under way using engine
2026-08-21T10:50:35Z,219002177,54.916333,11.360795,1.8,Under way using engine
2026-08-21T10:50:39Z,219000811,54.907050,11.396128,8.2,Under way using engine
2026-08-21T10:51:05Z,219002177,54.916282,11.361587,3.8,Under way using engine
2026-08-21T10:51:09Z,219000811,54.906425,11.397807,8.3,Under way using engine
2026-08-21T10:51:12Z,219000809,54.971902,11.514615,0.1,Under way using engine
2026-08-21T10:51:39Z,219000811,54.905790,11.399510,8.4,Under way using engine
2026-08-21T10:51:44Z,219002177,54.916327,11.363043,5.1,Under way using engine
2026-08-21T10:51:50Z,219000809,54.971903,11.514607,0.0,Under way using engine
2026-08-21T10:52:09Z,219000811,54.905157,11.401227,8.5,Under way using engine
2026-08-21T10:52:15Z,219002177,54.916417,11.364413,5.7,Under way using engine
2026-08-21T10:52:20Z,219000809,54.971900,11.514613,0.0,Under way using engine
2026-08-21T10:52:39Z,219000811,54.904527,11.403025,8.5,Under way using engine
2026-08-21T10:52:50Z,219000809,54.971902,11.514613,0.0,Under way using engine
2026-08-21T10:52:54Z,219002177,54.916535,11.366305,6.3,Under way using engine
2026-08-21T10:53:09Z,219000811,54.903958,11.404723,8.5,Under way using engine
2026-08-21T10:53:20Z,219000809,54.971902,11.514613,0.0,Under way using engine
2026-08-21T10:53:24Z,219002177,54.916647,11.367838,6.5,Under way using engine
2026-08-21T10:53:39Z,219000811,54.903387,11.406503,8.5,Under way using engine
2026-08-21T10:53:50Z,219000809,54.971907,11.514612,0.0,Under way using engine
2026-08-21T10:53:54Z,219002177,54.916762,11.369423,6.7,Under way using engine
2026-08-21T10:54:09Z,219000811,54.902805,11.408353,8.5,Under way using engine
2026-08-21T10:54:20Z,219000809,54.971923,11.514407,1.3,Under way using engine
2026-08-21T10:54:24Z,219002177,54.917023,11.370898,6.1,Under way using engine
2026-08-21T10:54:39Z,219000811,54.902263,11.410080,8.6,Under way using engine
2026-08-21T10:54:50Z,219000809,54.971925,11.513883,2.6,Under way using engine
2026-08-21T10:54:54Z,219002177,54.917650,11.371427,5.1,Under way using engine
2026-08-21T10:55:09Z,219000811,54.901682,11.411977,8.7,Under way using engine
2026-08-21T10:55:20Z,219000809,54.971847,11.513207,2.4,Under way using engine
2026-08-21T10:55:24Z,219002177,54.918415,11.371515,5.7,Under way using engine
2026-08-21T10:55:39Z,219000811,54.901118,11.413795,8.6,Under way using engine
2026-08-21T10:55:50Z,219000809,54.971822,11.512918,0.9,Under way using engine
2026-08-21T10:55:54Z,219002177,54.919257,11.371663,6.2,Under way using engine
2026-08-21T10:56:09Z,219000811,54.900563,11.415633,8.6,Under way using engine
2026-08-21T10:56:20Z,219000809,54.971828,11.512698,1.3,Under way using engine
2026-08-21T10:56:24Z,219002177,54.920152,11.371778,6.6,Under way using engine
2026-08-21T10:56:39Z,219000811,54.900013,11.417457,8.6,Under way using engine
2026-08-21T10:56:53Z,219000809,54.971953,11.511845,4.4,Under way using engine
2026-08-21T10:56:54Z,219002177,54.921090,11.371888,6.9,Under way using engine
2026-08-21T10:57:10Z,219000811,54.899410,11.419378,8.6,Under way using engine
2026-08-21T10:57:24Z,219002177,54.922070,11.371995,7.1,Under way using engine
2026-08-21T10:57:29Z,219000809,54.972092,11.510105,6.8,Under way using engine
2026-08-21T10:57:49Z,219000811,54.898678,11.421730,8.6,Under way using engine
2026-08-21T10:57:54Z,219002177,54.923082,11.372055,7.4,Under way using engine
2026-08-21T10:58:00Z,219000809,54.972267,11.508282,7.9,Under way using engine
2026-08-21T10:58:19Z,219000811,54.898117,11.423510,8.6,Under way using engine
2026-08-21T10:58:24Z,219002177,54.924105,11.372132,7.4,Under way using engine
2026-08-21T10:58:33Z,219000809,54.972345,11.506133,7.9,Under way using engine
2026-08-21T10:58:49Z,219000811,54.897525,11.425395,8.6,Under way using engine
2026-08-21T10:58:54Z,219002177,54.925137,11.372187,7.5,Under way using engine
2026-08-21T10:59:03Z,219000809,54.971873,11.504372,8.3,Under way using engine
2026-08-21T10:59:19Z,219000811,54.896965,11.427227,8.6,Under way using engine
2026-08-21T10:59:24Z,219002177,54.926168,11.372242,7.5,Under way using engine
2026-08-21T10:59:36Z,219000809,54.971107,11.502518,8.7,Under way using engine
2026-08-21T10:59:49Z,219000811,54.896393,11.429038,8.6,Under way using engine
2026-08-21T10:59:54Z,219002177,54.927203,11.372295,7.4,Under way using engine
2026-08-21T11:00:09Z,219000809,54.970247,11.500890,8.6,Under way using engine
2026-08-21T11:00:19Z,219000811,54.895832,11.430863,8.6,Under way using engine
2026-08-21T11:00:24Z,219002177,54.928217,11.372112,7.3,Under way using engine
2026-08-21T11:00:40Z,219000809,54.969360,11.499260,8.7,Under way using engine
2026-08-21T11:00:49Z,219000811,54.895265,11.432697,8.6,Under way using engine
2026-08-21T11:00:54Z,219002177,54.929238,11.371940,7.4,Under way using engine
2026-08-21T11:01:20Z,219000809,54.968232,11.497378,8.6,Under way using engine
2026-08-21T11:01:24Z,219002177,54.930245,11.371757,7.4,Under way using engine
2026-08-21T11:01:40Z,219000811,54.894327,11.435875,8.6,Under way using engine
2026-08-21T11:01:50Z,219000809,54.967267,11.496048,8.5,Under way using engine
2026-08-21T11:01:54Z,219002177,54.931267,11.371572,7.4,Under way using engine
2026-08-21T11:02:10Z,219000811,54.893770,11.437715,8.7,Under way using engine
2026-08-21T11:02:20Z,219000809,54.966353,11.494825,8.7,Under way using engine
2026-08-21T11:02:24Z,219002177,54.932275,11.371392,7.4,Under way using engine
2026-08-21T11:02:40Z,219000811,54.893202,11.439618,8.7,Under way using engine
2026-08-21T11:02:50Z,219000809,54.965382,11.493493,8.5,Under way using engine
2026-08-21T11:02:54Z,219002177,54.933302,11.371188,7.3,Under way using engine
2026-08-21T11:03:10Z,219000811,54.892680,11.441372,8.7,Under way using engine
2026-08-21T11:03:20Z,219000809,54.964468,11.492302,8.5,Under way using engine
2026-08-21T11:03:24Z,219002177,54.934290,11.371242,7.1,Under way using engine
2026-08-21T11:03:40Z,219000811,54.892117,11.443283,8.7,Under way using engine
2026-08-21T11:03:50Z,219000809,54.963508,11.490980,8.5,Under way using engine
2026-08-21T11:03:54Z,219002177,54.935212,11.371513,6.3,Under way using engine
2026-08-21T11:04:10Z,219000811,54.891575,11.445127,8.7,Under way using engine
2026-08-21T11:04:20Z,219000809,54.962617,11.489803,8.4,Under way using engine
2026-08-21T11:04:24Z,219002177,54.935755,11.371793,2.6,Under way using engine
2026-08-21T11:04:40Z,219000811,54.890983,11.447017,8.7,Under way using engine
2026-08-21T11:04:50Z,219000809,54.961560,11.488767,8.5,Under way using engine
2026-08-21T11:05:02Z,219002177,54.935890,11.371927,0.9,Under way using engine
2026-08-21T11:05:18Z,219000811,54.890228,11.449382,8.8,Under way using engine
2026-08-21T11:05:20Z,219000809,54.960485,11.488035,8.5,Under way using engine
2026-08-21T11:05:35Z,219002177,54.935960,11.371993,0.0,Under way using engine
2026-08-21T11:05:49Z,219000811,54.889617,11.451230,8.9,Under way using engine
2026-08-21T11:05:50Z,219000809,54.959345,11.487468,8.3,Under way using engine
2026-08-21T11:06:14Z,219002177,54.935980,11.372013,0.0,Under way using engine
2026-08-21T11:06:20Z,219000809,54.958272,11.486995,8.2,Under way using engine
2026-08-21T11:06:25Z,219000811,54.888965,11.453010,8.8,Under way using engine
2026-08-21T11:06:44Z,219002177,54.935968,11.371980,0.0,Under way using engine
2026-08-21T11:06:50Z,219000809,54.957155,11.486528,8.0,Under way using engine
2026-08-21T11:06:59Z,219000811,54.887983,11.455263,8.5,Under way using engine
2026-08-21T11:07:14Z,219002177,54.935968,11.371987,0.0,Under way using engine
2026-08-21T11:07:20Z,219000809,54.956122,11.486082,7.9,Under way using engine
2026-08-21T11:07:30Z,219000811,54.887255,11.456838,8.4,Under way using engine
2026-08-21T11:07:44Z,219002177,54.935965,11.371977,0.0,Under way using engine
2026-08-21T11:07:50Z,219000809,54.955008,11.485593,8.1,Under way using engine
2026-08-21T11:08:09Z,219000811,54.886287,11.458938,8.4,Under way using engine
2026-08-21T11:08:15Z,219002177,54.935973,11.372007,0.0,Under way using engine
2026-08-21T11:08:20Z,219000809,54.953952,11.485138,8.2,Under way using engine
2026-08-21T11:08:40Z,219000811,54.885503,11.460500,8.4,Under way using engine
2026-08-21T11:08:53Z,219002177,54.935957,11.371982,0.0,Under way using engine
2026-08-21T11:08:59Z,219000809,54.952488,11.484523,8.2,Under way using engine
2026-08-21T11:09:19Z,219000811,54.884500,11.462460,8.3,Under way using engine
2026-08-21T11:09:25Z,219002177,54.935978,11.372018,0.0,Under way using engine
2026-08-21T11:09:29Z,219000809,54.951438,11.484117,8.1,Under way using engine
2026-08-21T11:09:50Z,219000811,54.883662,11.464103,8.6,Under way using engine
2026-08-21T11:09:59Z,219000809,54.950258,11.483680,8.3,Under way using engine
2026-08-21T11:10:03Z,219002177,54.935955,11.371995,0.0,Under way using engine
2026-08-21T11:10:30Z,219000809,54.949158,11.483262,8.2,Under way using engine
2026-08-21T11:10:30Z,219000811,54.882622,11.466102,8.6,Under way using engine
2026-08-21T11:10:35Z,219002177,54.935952,11.371985,0.0,Under way using engine
2026-08-21T11:11:09Z,219000811,54.881673,11.468238,8.6,Under way using engine
2026-08-21T11:11:10Z,219000809,54.947630,11.482673,8.2,Under way using engine
2026-08-21T11:11:15Z,219002177,54.935842,11.371903,1.8,Under way using engine
2026-08-21T11:11:40Z,219000811,54.880957,11.470000,8.6,Under way using engine
2026-08-21T11:11:49Z,219000809,54.946180,11.482177,8.2,Under way using engine
2026-08-21T11:11:54Z,219002177,54.935263,11.371400,4.4,Under way using engine
2026-08-21T11:12:10Z,219000811,54.880670,11.471905,8.4,Under way using engine
2026-08-21T11:12:19Z,219000809,54.945058,11.481743,8.2,Under way using engine
2026-08-21T11:12:24Z,219002177,54.934657,11.370957,4.8,Under way using engine
2026-08-21T11:12:40Z,219000811,54.880718,11.473980,8.4,Under way using engine
2026-08-21T11:12:49Z,219000809,54.943952,11.481388,8.1,Under way using engine
2026-08-21T11:12:54Z,219002177,54.933905,11.370980,5.7,Under way using engine
2026-08-21T11:13:10Z,219000811,54.880970,11.475920,8.3,Under way using engine
2026-08-21T11:13:19Z,219000809,54.942917,11.480858,7.7,Under way using engine
2026-08-21T11:13:24Z,219002177,54.933060,11.370980,6.3,Under way using engine
2026-08-21T11:13:40Z,219000811,54.881297,11.477830,8.3,Under way using engine
2026-08-21T11:13:49Z,219000809,54.942150,11.479553,7.8,Under way using engine
2026-08-21T11:13:54Z,219002177,54.932157,11.370942,6.6,Under way using engine
2026-08-21T11:14:10Z,219000811,54.881673,11.479638,7.7,Under way using engine
2026-08-21T11:14:19Z,219000809,54.941413,11.478152,8.0,Under way using engine
2026-08-21T11:14:24Z,219002177,54.931217,11.370985,6.8,Under way using engine
2026-08-21T11:14:40Z,219000811,54.882232,11.480887,6.5,Under way using engine
2026-08-21T11:14:49Z,219000809,54.940672,11.476710,8.0,Under way using engine
2026-08-21T11:14:54Z,219002177,54.930257,11.371017,7.0,Under way using engine
2026-08-21T11:15:10Z,219000811,54.882715,11.481792,5.2,Under way using engine
2026-08-21T11:15:19Z,219000809,54.939908,11.475323,8.0,Under way using engine
2026-08-21T11:15:25Z,219002177,54.929252,11.371058,7.0,Under way using engine
2026-08-21T11:15:40Z,219000811,54.883172,11.482433,4.2,Under way using engine
2026-08-21T11:15:50Z,219000809,54.939245,11.473687,8.0,Under way using engine
2026-08-21T11:16:04Z,219002177,54.927985,11.371128,7.0,Under way using engine
2026-08-21T11:16:10Z,219000811,54.883602,11.482998,3.9,Under way using engine
2026-08-21T11:16:23Z,219000809,54.938743,11.471797,8.2,Under way using engine
2026-08-21T11:16:34Z,219002177,54.927018,11.371198,7.0,Under way using engine
2026-08-21T11:16:40Z,219000811,54.883995,11.483233,2.8,Under way using engine
2026-08-21T11:17:00Z,219000809,54.938097,11.469635,8.2,Under way using engine
2026-08-21T11:17:04Z,219002177,54.926050,11.371233,7.0,Under way using engine
2026-08-21T11:17:10Z,219000811,54.884227,11.483280,1.7,Under way using engine
2026-08-21T11:17:30Z,219000809,54.937580,11.467847,8.3,Under way using engine
2026-08-21T11:17:34Z,219002177,54.925085,11.371275,6.9,Under way using engine
2026-08-21T11:17:40Z,219000811,54.884312,11.483280,0.4,Under way using engine
2026-08-21T11:18:00Z,219000809,54.937043,11.466015,8.4,Under way using engine
2026-08-21T11:18:04Z,219002177,54.924130,11.371365,6.9,Under way using engine
2026-08-21T11:18:10Z,219000811,54.884328,11.483277,0.1,Under way using engine
2026-08-21T11:18:30Z,219000809,54.936512,11.464280,8.5,Under way using engine
2026-08-21T11:18:34Z,219002177,54.923180,11.371297,6.8,Under way using engine
2026-08-21T11:18:40Z,219000811,54.884332,11.483277,0.0,Under way using engine
2026-08-21T11:19:00Z,219000809,54.935958,11.462415,8.5,Under way using engine
2026-08-21T11:19:04Z,219002177,54.922233,11.371238,6.8,Under way using engine
2026-08-21T11:19:10Z,219000811,54.884332,11.483282,0.0,Under way using engine
2026-08-21T11:19:30Z,219000809,54.935423,11.460653,8.5,Under way using engine
2026-08-21T11:19:34Z,219002177,54.921290,11.371190,6.8,Under way using engine
2026-08-21T11:19:40Z,219000811,54.884333,11.483282,0.0,Under way using engine
2026-08-21T11:20:00Z,219000809,54.934877,11.458770,8.5,Under way using engine
2026-08-21T11:20:04Z,219002177,54.920358,11.371177,6.7,Under way using engine
2026-08-21T11:20:10Z,219000811,54.884335,11.483283,0.0,Under way using engine
2026-08-21T11:20:30Z,219000809,54.934335,11.457023,8.5,Under way using engine
2026-08-21T11:20:40Z,219000811,54.884333,11.483283,0.0,Under way using engine
2026-08-21T11:20:44Z,219002177,54.919143,11.371260,6.6,Under way using engine
2026-08-21T11:21:00Z,219000809,54.933773,11.455152,8.6,Under way using engine
2026-08-21T11:21:10Z,219000811,54.884333,11.483283,0.0,Under way using engine
2026-08-21T11:21:24Z,219002177,54.917963,11.371328,6.5,Under way using engine
2026-08-21T11:21:30Z,219000809,54.933238,11.453390,8.6,Under way using engine
2026-08-21T11:21:40Z,219000811,54.884332,11.483282,0.0,Under way using engine
2026-08-21T11:21:55Z,219002177,54.917115,11.371037,5.6,Under way using engine
2026-08-21T11:22:03Z,219000809,54.932462,11.451498,8.6,Under way using engine
2026-08-21T11:22:10Z,219000811,54.884330,11.483278,0.0,Under way using engine
2026-08-21T11:22:33Z,219002177,54.916783,11.369670,5.2,Under way using engine
2026-08-21T11:22:40Z,219000809,54.931567,11.449487,8.5,Under way using engine
2026-08-21T11:22:40Z,219000811,54.884328,11.483277,0.0,Under way using engine
2026-08-21T11:23:04Z,219002177,54.916670,11.368302,5.7,Under way using engine
2026-08-21T11:23:19Z,219000811,54.884327,11.483277,0.0,Under way using engine
2026-08-21T11:23:20Z,219000809,54.930642,11.447305,8.6,Under way using engine
2026-08-21T11:23:49Z,219000811,54.884327,11.483277,0.0,Under way using engine
2026-08-21T11:23:55Z,219002177,54.916480,11.365835,6.3,Under way using engine
2026-08-21T11:23:59Z,219000809,54.929753,11.445168,8.3,Under way using engine
2026-08-21T11:24:20Z,219000811,54.884327,11.483277,0.0,Under way using engine
2026-08-21T11:24:29Z,219000809,54.929037,11.443535,8.6,Under way using engine
2026-08-21T11:24:33Z,219002177,54.916348,11.363867,6.6,Under way using engine
2026-08-21T11:24:59Z,219000809,54.928312,11.441888,8.6,Under way using engine
2026-08-21T11:24:59Z,219000811,54.884327,11.483277,0.0,Under way using engine
2026-08-21T11:25:04Z,219002177,54.916338,11.362343,5.6,Under way using engine
2026-08-21T11:25:29Z,219000809,54.927593,11.440237,8.6,Under way using engine
2026-08-21T11:25:30Z,219000811,54.884328,11.483277,0.0,Under way using engine
2026-08-21T11:25:55Z,219002177,54.916358,11.360867,1.8,Under way using engine
2026-08-21T11:25:59Z,219000809,54.926872,11.438605,8.5,Under way using engine
2026-08-21T11:26:10Z,219000811,54.884328,11.483278,0.0,Under way using engine
2026-08-21T11:26:29Z,219000809,54.926158,11.436958,8.6,Under way using engine
2026-08-21T11:26:34Z,219002177,54.916365,11.360537,0.4,Under way using engine
2026-08-21T11:26:50Z,219000811,54.884330,11.483278,0.0,Under way using engine
2026-08-21T11:26:59Z,219000809,54.925445,11.435297,8.6,Under way using engine
2026-08-21T11:27:04Z,219002177,54.916360,11.360542,0.0,Under way using engine
2026-08-21T11:27:20Z,219000811,54.884330,11.483278,0.0,Under way using engine
2026-08-21T11:27:31Z,219000809,54.924697,11.433608,8.7,Under way using engine
2026-08-21T11:27:34Z,219002177,54.916368,11.360517,0.0,Under way using engine
2026-08-21T11:27:50Z,219000811,54.884330,11.483278,0.0,Under way using engine
2026-08-21T11:28:04Z,219002177,54.916372,11.360537,0.0,Under way using engine
2026-08-21T11:28:09Z,219000809,54.923693,11.431547,8.5,Under way using engine
2026-08-21T11:28:20Z,219000811,54.884328,11.483278,0.0,Under way using engine
2026-08-21T11:28:40Z,219000809,54.922953,11.429952,8.3,Under way using engine
2026-08-21T11:28:45Z,219002177,54.916373,11.360533,0.0,Under way using engine
2026-08-21T11:28:50Z,219000811,54.884328,11.483277,0.0,Under way using engine
2026-08-21T11:29:15Z,219002177,54.916355,11.360540,0.0,Under way using engine
2026-08-21T11:29:20Z,219000809,54.921975,11.427803,8.5,Under way using engine
2026-08-21T11:29:30Z,219000811,54.884328,11.483275,0.0,Under way using engine
2026-08-21T11:29:45Z,219002177,54.916363,11.360530,0.0,Under way using engine
2026-08-21T11:29:50Z,219000809,54.921245,11.426207,8.5,Under way using engine
2026-08-21T11:30:10Z,219000811,54.884328,11.483277,0.0,Under way using engine
2026-08-21T11:30:15Z,219002177,54.916357,11.360543,0.0,Under way using engine
2026-08-21T11:30:20Z,219000809,54.920495,11.424617,8.5,Under way using engine
2026-08-21T11:30:45Z,219002177,54.916358,11.360537,0.0,Under way using engine
2026-08-21T11:30:50Z,219000811,54.884330,11.483277,0.0,Under way using engine
2026-08-21T11:30:51Z,219000809,54.919752,11.423078,8.3,Under way using engine
2026-08-21T11:31:15Z,219002177,54.916360,11.360550,0.0,Under way using engine
2026-08-21T11:31:28Z,219000811,54.884328,11.483278,0.0,Under way using engine
2026-08-21T11:31:31Z,219000809,54.918780,11.420948,8.6,Under way using engine
2026-08-21T11:31:45Z,219002177,54.916353,11.360550,0.0,Under way using engine
2026-08-21T11:31:58Z,219000811,54.884327,11.483280,0.0,Under way using engine
2026-08-21T11:32:09Z,219000809,54.917807,11.418903,8.6,Under way using engine
2026-08-21T11:32:15Z,219002177,54.916358,11.360550,0.0,Under way using engine
2026-08-21T11:32:28Z,219000811,54.884327,11.483280,0.0,Under way using engine
2026-08-21T11:32:39Z,219000809,54.917062,11.417293,8.6,Under way using engine
2026-08-21T11:32:45Z,219002177,54.916360,11.360550,0.0,Under way using engine
2026-08-21T11:32:59Z,219000811,54.884327,11.483283,0.0,Under way using engine
2026-08-21T11:33:09Z,219000809,54.916570,11.416227,8.6,Under way using engine
2026-08-21T11:33:15Z,219002177,54.916370,11.360538,0.0,Under way using engine
2026-08-21T11:33:39Z,219000809,54.915598,11.414050,8.7,Under way using engine
2026-08-21T11:33:39Z,219000811,54.884325,11.483285,0.0,Under way using engine
2026-08-21T11:33:45Z,219002177,54.916362,11.360548,0.0,Under way using engine
2026-08-21T11:34:09Z,219000809,54.914848,11.412403,8.7,Under way using engine
2026-08-21T11:34:10Z,219000811,54.884325,11.483285,0.0,Under way using engine
2026-08-21T11:34:15Z,219002177,54.916340,11.360560,0.0,Under way using engine
2026-08-21T11:34:39Z,219000809,54.914108,11.410735,8.7,Under way using engine
2026-08-21T11:34:45Z,219002177,54.916353,11.360545,0.0,Under way using engine
2026-08-21T11:34:59Z,219000811,54.884328,11.483285,0.0,Under way using engine
2026-08-21T11:35:09Z,219000809,54.913353,11.409108,8.7,Under way using engine
2026-08-21T11:35:15Z,219002177,54.916357,11.360528,0.0,Under way using engine
2026-08-21T11:35:29Z,219000811,54.884330,11.483285,0.0,Under way using engine
2026-08-21T11:35:39Z,219000809,54.912633,11.407430,8.7,Under way using engine
2026-08-21T11:35:54Z,219002177,54.916362,11.360505,0.0,Under way using engine
2026-08-21T11:35:59Z,219000811,54.884330,11.483283,0.0,Under way using engine
2026-08-21T11:36:09Z,219000809,54.911880,11.405798,8.7,Under way using engine
2026-08-21T11:36:24Z,219002177,54.916345,11.360527,0.0,Under way using engine
2026-08-21T11:36:29Z,219000811,54.884332,11.483282,0.0,Under way using engine
2026-08-21T11:36:39Z,219000809,54.911147,11.404138,8.7,Under way using engine
2026-08-21T11:36:54Z,219002177,54.916347,11.360528,0.0,Under way using engine
2026-08-21T11:37:09Z,219000809,54.910410,11.402482,8.8,Under way using engine
2026-08-21T11:37:10Z,219000811,54.884165,11.483298,1.2,Under way using engine
2026-08-21T11:37:24Z,219002177,54.916360,11.360533,0.0,Under way using engine
2026-08-21T11:37:39Z,219000809,54.909662,11.400820,8.8,Under way using engine
2026-08-21T11:37:46Z,219000811,54.883555,11.483570,4.2,Under way using engine
2026-08-21T11:37:54Z,219002177,54.916357,11.360547,0.0,Under way using engine
2026-08-21T11:38:10Z,219000809,54.908907,11.399090,8.8,Under way using engine
2026-08-21T11:38:16Z,219000811,54.883203,11.483893,2.7,Under way using engine
2026-08-21T11:38:24Z,219002177,54.916357,11.360540,0.0,Under way using engine
2026-08-21T11:38:41Z,219000809,54.908235,11.397362,8.6,Under way using engine
2026-08-21T11:38:46Z,219000811,54.882900,11.483157,3.9,Under way using engine
2026-08-21T11:38:54Z,219002177,54.916358,11.360528,0.0,Under way using engine
2026-08-21T11:39:13Z,219000809,54.908048,11.395142,8.6,Under way using engine
2026-08-21T11:39:19Z,219000811,54.882397,11.481547,7.1,Under way using engine
2026-08-21T11:39:24Z,219002177,54.916343,11.360532,0.0,Under way using engine
2026-08-21T11:39:43Z,219000809,54.908408,11.393167,8.7,Under way using engine
2026-08-21T11:39:50Z,219000811,54.881883,11.479828,7.7,Under way using engine
2026-08-21T11:39:54Z,219002177,54.916343,11.360533,0.0,Under way using engine
2026-08-21T11:40:13Z,219000809,54.909133,11.391440,9.0,Under way using engine
2026-08-21T11:40:24Z,219002177,54.916337,11.360537,0.0,Under way using engine
2026-08-21T11:40:29Z,219000811,54.881262,11.477600,8.2,Under way using engine
2026-08-21T11:40:50Z,219000809,54.910065,11.389368,9.1,Under way using engine
2026-08-21T11:40:54Z,219002177,54.916350,11.360537,0.0,Under way using engine
2026-08-21T11:40:59Z,219000811,54.881188,11.475522,8.4,Under way using engine
2026-08-21T11:41:20Z,219000809,54.910847,11.387638,9.1,Under way using engine
2026-08-21T11:41:25Z,219002177,54.916353,11.360547,0.0,Under way using engine
2026-08-21T11:41:29Z,219000811,54.881178,11.473443,8.6,Under way using engine
2026-08-21T11:41:50Z,219000809,54.911650,11.385927,9.1,Under way using engine
2026-08-21T11:41:59Z,219000811,54.881507,11.471472,8.6,Under way using engine
2026-08-21T11:42:04Z,219002177,54.916345,11.360542,0.0,Under way using engine
2026-08-21T11:42:20Z,219000809,54.912460,11.384300,9.0,Under way using engine
2026-08-21T11:42:30Z,219000811,54.882030,11.469462,8.9,Under way using engine
2026-08-21T11:42:35Z,219002177,54.916355,11.360555,0.0,Under way using engine
2026-08-21T11:42:50Z,219000809,54.913287,11.382555,9.0,Under way using engine
2026-08-21T11:43:09Z,219000811,54.882762,11.466942,9.0,Under way using engine
2026-08-21T11:43:14Z,219002177,54.916358,11.360548,0.0,Under way using engine
2026-08-21T11:43:20Z,219000809,54.914037,11.380955,8.9,Under way using engine
2026-08-21T11:43:39Z,219000811,54.883420,11.464998,9.1,Under way using engine
2026-08-21T11:43:50Z,219000809,54.914852,11.379225,9.0,Under way using engine
2026-08-21T11:43:53Z,219002177,54.916345,11.360563,0.0,Under way using engine
2026-08-21T11:44:09Z,219000811,54.884230,11.463285,9.3,Under way using engine
2026-08-21T11:44:20Z,219000809,54.915618,11.377548,8.9,Under way using engine
2026-08-21T11:44:25Z,219002177,54.916348,11.360562,0.0,Under way using engine
2026-08-21T11:44:39Z,219000811,54.885037,11.461542,9.3,Under way using engine
2026-08-21T11:44:50Z,219000809,54.916267,11.375738,8.8,Under way using engine
2026-08-21T11:45:03Z,219002177,54.916340,11.360567,0.0,Under way using engine
2026-08-21T11:45:09Z,219000811,54.885868,11.459760,9.5,Under way using engine
2026-08-21T11:45:20Z,219000809,54.916722,11.373835,8.5,Under way using engine
2026-08-21T11:45:35Z,219002177,54.916338,11.360550,0.0,Under way using engine
2026-08-21T11:45:39Z,219000811,54.886707,11.457888,9.5,Under way using engine
2026-08-21T11:45:50Z,219000809,54.916867,11.371838,8.4,Under way using engine
2026-08-21T11:46:09Z,219000811,54.887505,11.456165,9.5,Under way using engine
2026-08-21T11:46:14Z,219002177,54.916368,11.360538,0.0,Under way using engine
2026-08-21T11:46:20Z,219000809,54.916787,11.369852,8.4,Under way using engine
2026-08-21T11:46:39Z,219000811,54.888335,11.454340,9.6,Under way using engine
2026-08-21T11:46:45Z,219002177,54.916347,11.360560,0.0,Under way using engine
2026-08-21T11:46:50Z,219000809,54.916640,11.367867,8.3,Under way using engine
2026-08-21T11:47:09Z,219000811,54.889058,11.452580,9.4,Under way using engine
2026-08-21T11:47:20Z,219000809,54.916530,11.365908,8.2,Under way using engine
2026-08-21T11:47:25Z,219002177,54.916342,11.360557,0.0,Under way using engine
2026-08-21T11:47:39Z,219000811,54.889792,11.450650,9.2,Under way using engine
2026-08-21T11:47:50Z,219000809,54.916408,11.364037,7.3,Under way using engine
2026-08-21T11:48:03Z,219002177,54.916338,11.360543,0.0,Under way using engine
2026-08-21T11:48:09Z,219000811,54.890490,11.448752,9.1,Under way using engine
2026-08-21T11:48:20Z,219000809,54.916260,11.362555,6.0,Under way using engine
2026-08-21T11:48:35Z,219002177,54.916335,11.360542,0.0,Under way using engine
2026-08-21T11:48:39Z,219000811,54.891155,11.446905,9.1,Under way using engine
2026-08-21T11:48:50Z,219000809,54.916167,11.361248,5.3,Under way using engine
2026-08-21T11:49:09Z,219000811,54.891770,11.445088,9.1,Under way using engine
2026-08-21T11:49:15Z,219002177,54.916350,11.360522,0.0,Under way using engine
2026-08-21T11:49:20Z,219000809,54.915955,11.360648,1.5,Under way using engine
2026-08-21T11:49:39Z,219000811,54.892418,11.443143,9.1,Under way using engine
2026-08-21T11:49:53Z,219000809,54.915962,11.360708,0.4,Under way using engine
2026-08-21T11:49:54Z,219002177,54.916332,11.360542,0.0,Under way using engine
2026-08-21T11:50:09Z,219000811,54.893038,11.441198,9.3,Under way using engine
2026-08-21T11:50:23Z,219000809,54.916012,11.360525,1.4,Under way using engine
2026-08-21T11:50:25Z,219002177,54.916335,11.360527,0.0,Under way using engine
2026-08-21T11:50:39Z,219000811,54.893670,11.439150,9.3,Under way using engine
2026-08-21T11:50:56Z,219000809,54.916047,11.360233,0.8,Under way using engine
2026-08-21T11:51:03Z,219002177,54.916338,11.360532,0.1,Under way using engine
2026-08-21T11:51:09Z,219000811,54.894270,11.437237,9.4,Under way using engine
2026-08-21T11:51:30Z,219000809,54.916065,11.360097,0.3,Under way using engine
2026-08-21T11:51:33Z,219002177,54.916318,11.360745,2.0,Under way using engine
2026-08-21T11:51:39Z,219000811,54.894897,11.435263,9.4,Under way using engine
2026-08-21T11:52:00Z,219000809,54.916062,11.360077,0.2,Under way using engine
2026-08-21T11:52:03Z,219002177,54.916288,11.361670,4.6,Under way using engine
2026-08-21T11:52:09Z,219000811,54.895532,11.433230,9.3,Under way using engine
2026-08-21T11:52:30Z,219000809,54.916058,11.360077,0.1,Under way using engine
2026-08-21T11:52:39Z,219000811,54.896135,11.431275,9.3,Under way using engine
2026-08-21T11:52:43Z,219002177,54.916275,11.363518,6.0,Under way using engine
2026-08-21T11:53:00Z,219000809,54.916050,11.360070,0.1,Under way using engine
2026-08-21T11:53:09Z,219000811,54.896765,11.429260,9.3,Under way using engine
2026-08-21T11:53:15Z,219002177,54.916338,11.364515,1.2,Under way using engine
2026-08-21T11:53:30Z,219000809,54.916075,11.360053,0.1,Under way using engine
2026-08-21T11:53:39Z,219000811,54.897352,11.427380,9.3,Under way using engine
2026-08-21T11:53:53Z,219002177,54.916302,11.363267,6.0,Under way using engine
2026-08-21T11:54:00Z,219000809,54.916070,11.360067,0.1,Under way using engine
2026-08-21T11:54:09Z,219000811,54.897975,11.425385,9.3,Under way using engine
2026-08-21T11:54:25Z,219002177,54.916320,11.361815,5.6,Under way using engine
2026-08-21T11:54:30Z,219000809,54.916070,11.360047,0.0,Under way using engine
2026-08-21T11:54:39Z,219000811,54.898578,11.423432,9.3,Under way using engine
2026-08-21T11:55:00Z,219000809,54.916030,11.360118,0.1,Under way using engine
2026-08-21T11:55:03Z,219002177,54.916302,11.360905,2.0,Under way using engine
2026-08-21T11:55:10Z,219000811,54.899205,11.421397,9.3,Under way using engine
2026-08-21T11:55:30Z,219000809,54.916070,11.360068,0.0,Under way using engine
2026-08-21T11:55:33Z,219002177,54.916327,11.360595,0.8,Under way using engine
2026-08-21T11:55:49Z,219000811,54.900023,11.418807,9.3,Under way using engine
2026-08-21T11:56:00Z,219000809,54.916045,11.360093,0.1,Under way using engine
2026-08-21T11:56:03Z,219002177,54.916303,11.360597,0.1,Under way using engine
2026-08-21T11:56:19Z,219000811,54.900667,11.416857,9.3,Under way using engine
2026-08-21T11:56:30Z,219000809,54.916080,11.360055,0.0,Under way using engine
2026-08-21T11:56:33Z,219002177,54.916325,11.360565,0.0,Under way using engine
2026-08-21T11:56:49Z,219000811,54.901305,11.414908,9.3,Under way using engine
2026-08-21T11:57:00Z,219000809,54.916068,11.360067,0.1,Under way using engine
2026-08-21T11:57:03Z,219002177,54.916310,11.360728,1.8,Under way using engine
2026-08-21T11:57:20Z,219000811,54.901962,11.412900,9.4,Under way using engine
2026-08-21T11:57:33Z,219002177,54.916260,11.361720,5.0,Under way using engine
2026-08-21T11:57:40Z,219000809,54.916075,11.360055,0.0,Under way using engine
2026-08-21T11:57:59Z,219000811,54.902775,11.410327,9.4,Under way using engine
2026-08-21T11:58:03Z,219002177,54.916263,11.363150,6.3,Under way using engine
2026-08-21T11:58:10Z,219000809,54.916075,11.360068,0.0,Under way using engine
2026-08-21T11:58:29Z,219000811,54.903423,11.408317,9.3,Under way using engine
2026-08-21T11:58:33Z,219002177,54.916328,11.364802,7.1,Under way using engine
2026-08-21T11:58:50Z,219000809,54.916077,11.360055,0.0,Under way using engine
2026-08-21T11:58:59Z,219000811,54.904068,11.406393,9.3,Under way using engine
2026-08-21T11:59:04Z,219002177,54.916402,11.365983,7.5,Under way using engine
2026-08-21T11:59:20Z,219000809,54.916073,11.360055,0.0,Under way using engine
2026-08-21T11:59:29Z,219000811,54.904748,11.404408,9.4,Under way using engine
2026-08-21T11:59:50Z,219000809,54.916077,11.360053,0.0,Under way using engine
2026-08-21T11:59:54Z,219002177,54.916748,11.369773,8.1,Under way using engine
2026-08-21T11:59:59Z,219000811,54.905392,11.402562,9.4,Under way using engine
2026-08-21T12:00:20Z,219000809,54.916083,11.360043,0.0,Under way using engine
2026-08-21T12:00:24Z,219002177,54.916928,11.371717,8.1,Under way using engine
2026-08-21T12:00:29Z,219000811,54.906100,11.400595,9.4,Under way using engine
2026-08-21T12:00:54Z,219002177,54.917132,11.373648,8.1,Under way using engine
2026-08-21T12:00:59Z,219000809,54.916088,11.360052,0.0,Under way using engine
2026-08-21T12:00:59Z,219000811,54.906778,11.398678,9.4,Under way using engine
2026-08-21T12:01:24Z,219002177,54.917760,11.374703,6.0,Under way using engine
2026-08-21T12:01:29Z,219000809,54.916085,11.360055,0.0,Under way using engine
2026-08-21T12:01:29Z,219000811,54.907458,11.396780,9.4,Under way using engine
2026-08-21T12:01:54Z,219002177,54.918698,11.374603,7.2,Under way using engine
2026-08-21T12:02:00Z,219000809,54.916085,11.360047,0.0,Under way using engine
2026-08-21T12:02:00Z,219000811,54.908202,11.394760,9.4,Under way using engine
2026-08-21T12:02:24Z,219002177,54.919788,11.374402,8.1,Under way using engine
2026-08-21T12:02:39Z,219000809,54.916082,11.360057,0.0,Under way using engine
2026-08-21T12:02:39Z,219000811,54.909072,11.392450,9.4,Under way using engine
2026-08-21T12:02:54Z,219002177,54.920958,11.374190,8.6,Under way using engine
2026-08-21T12:03:10Z,219000809,54.916077,11.360067,0.0,Under way using engine
2026-08-21T12:03:19Z,219000811,54.910085,11.389800,9.4,Under way using engine
2026-08-21T12:03:25Z,219002177,54.922208,11.373952,8.9,Under way using engine
2026-08-21T12:03:49Z,219000809,54.916065,11.360072,0.0,Under way using engine
2026-08-21T12:03:49Z,219000811,54.910840,11.387862,9.4,Under way using engine
2026-08-21T12:04:04Z,219002177,54.923800,11.373610,9.0,Under way using engine
2026-08-21T12:04:19Z,219000811,54.911582,11.386048,9.4,Under way using engine
2026-08-21T12:04:20Z,219000809,54.916060,11.360080,0.0,Under way using engine
2026-08-21T12:04:44Z,219002177,54.925423,11.373252,9.1,Under way using engine
2026-08-21T12:04:49Z,219000811,54.912350,11.384233,9.4,Under way using engine
2026-08-21T12:05:00Z,219000809,54.916063,11.360073,0.0,Under way using engine
2026-08-21T12:05:14Z,219002177,54.926723,11.372992,9.2,Under way using engine
2026-08-21T12:05:19Z,219000811,54.913122,11.382445,9.3,Under way using engine
2026-08-21T12:05:30Z,219000809,54.916072,11.360067,0.0,Under way using engine
2026-08-21T12:05:45Z,219002177,54.928037,11.372733,9.2,Under way using engine
2026-08-21T12:06:00Z,219000809,54.916063,11.360077,0.0,Under way using engine
2026-08-21T12:06:00Z,219000811,54.914090,11.380405,7.9,Under way using engine
2026-08-21T12:06:25Z,219002177,54.929735,11.372508,9.1,Under way using engine
2026-08-21T12:06:30Z,219000809,54.916065,11.360058,0.0,Under way using engine
2026-08-21T12:06:39Z,219000811,54.915048,11.378630,7.5,Under way using engine
2026-08-21T12:07:01Z,219000809,54.916063,11.360065,0.0,Under way using engine
2026-08-21T12:07:04Z,219002177,54.931350,11.372403,8.9,Under way using engine
2026-08-21T12:07:18Z,219000811,54.916003,11.377162,7.1,Under way using engine
2026-08-21T12:07:35Z,219002177,54.932523,11.372255,7.8,Under way using engine
2026-08-21T12:07:39Z,219000809,54.916062,11.360060,0.0,Under way using engine
2026-08-21T12:07:48Z,219000811,54.916612,11.376223,5.6,Under way using engine
2026-08-21T12:08:09Z,219000809,54.916055,11.360070,0.0,Under way using engine
2026-08-21T12:08:18Z,219000811,54.917142,11.375460,4.8,Under way using engine
2026-08-21T12:08:25Z,219002177,54.934123,11.371438,7.0,Under way using engine
2026-08-21T12:08:39Z,219000809,54.916060,11.360070,0.0,Under way using engine
2026-08-21T12:08:48Z,219000811,54.917587,11.374830,4.1,Under way using engine
2026-08-21T12:08:55Z,219002177,54.935040,11.371418,6.4,Under way using engine
2026-08-21T12:09:09Z,219000809,54.916067,11.360067,0.0,Under way using engine
2026-08-21T12:09:18Z,219000811,54.918045,11.374340,3.9,Under way using engine
2026-08-21T12:09:25Z,219002177,54.935653,11.371767,3.5,Under way using engine
2026-08-21T12:09:39Z,219000809,54.916068,11.360068,0.0,Under way using engine
2026-08-21T12:09:48Z,219000811,54.918443,11.373817,3.6,Under way using engine
2026-08-21T12:09:55Z,219002177,54.935848,11.371898,1.0,Under way using engine
2026-08-21T12:10:09Z,219000809,54.916068,11.360085,0.0,Under way using engine
2026-08-21T12:10:18Z,219000811,54.918828,11.373408,3.1,Under way using engine
2026-08-21T12:10:25Z,219002177,54.935942,11.371997,0.6,Under way using engine
2026-08-21T12:10:40Z,219000809,54.916058,11.360182,1.3,Under way using engine
2026-08-21T12:10:48Z,219000811,54.919080,11.372947,2.6,Under way using engine
2026-08-21T12:10:55Z,219002177,54.935947,11.371993,0.0,Under way using engine
2026-08-21T12:11:13Z,219000809,54.916067,11.361278,5.5,Under way using engine
2026-08-21T12:11:18Z,219000811,54.919117,11.372558,1.6,Under way using engine
2026-08-21T12:11:35Z,219002177,54.935938,11.371987,0.0,Under way using engine
2026-08-21T12:11:43Z,219000809,54.916247,11.362858,7.1,Under way using engine
2026-08-21T12:11:48Z,219000811,54.919037,11.372417,0.8,Under way using engine
2026-08-21T12:12:18Z,219000811,54.918875,11.372325,1.3,Under way using engine
2026-08-21T12:12:20Z,219000809,54.916397,11.365113,8.1,Under way using engine
2026-08-21T12:12:24Z,219002177,54.935947,11.372000,0.0,Under way using engine
2026-08-21T12:12:48Z,219000811,54.918647,11.372160,1.7,Under way using engine
2026-08-21T12:12:50Z,219000809,54.916572,11.367208,8.6,Under way using engine
2026-08-21T12:12:55Z,219002177,54.935940,11.372013,0.0,Under way using engine
2026-08-21T12:13:18Z,219000811,54.918388,11.371990,2.0,Under way using engine
2026-08-21T12:13:20Z,219000809,54.916738,11.369242,8.9,Under way using engine
2026-08-21T12:13:34Z,219002177,54.935950,11.371993,0.0,Under way using engine
2026-08-21T12:13:48Z,219000811,54.918107,11.371725,2.3,Under way using engine
2026-08-21T12:13:50Z,219000809,54.916887,11.371448,8.8,Under way using engine
2026-08-21T12:14:05Z,219002177,54.935942,11.372015,0.0,Under way using engine
2026-08-21T12:14:18Z,219000811,54.917623,11.371103,4.5,Under way using engine
2026-08-21T12:14:20Z,219000809,54.916597,11.373372,8.6,Under way using engine
2026-08-21T12:14:44Z,219002177,54.935618,11.371733,3.6,Under way using engine
2026-08-21T12:14:48Z,219000811,54.916970,11.369792,7.4,Under way using engine
2026-08-21T12:14:50Z,219000809,54.916088,11.375373,8.8,Under way using engine
2026-08-21T12:15:15Z,219002177,54.934982,11.371170,5.5,Under way using engine
2026-08-21T12:15:18Z,219000811,54.916713,11.367725,8.5,Under way using engine
2026-08-21T12:15:20Z,219000809,54.915512,11.377205,9.0,Under way using engine
2026-08-21T12:15:48Z,219000811,54.916523,11.365702,8.5,Under way using engine
2026-08-21T12:15:50Z,219000809,54.914793,11.379027,8.9,Under way using engine
2026-08-21T12:15:54Z,219002177,54.933917,11.370955,6.4,Under way using engine
2026-08-21T12:16:18Z,219000811,54.916373,11.363783,8.1,Under way using engine
2026-08-21T12:16:20Z,219000809,54.914125,11.380697,8.7,Under way using engine
2026-08-21T12:16:24Z,219002177,54.932968,11.370953,7.1,Under way using engine
2026-08-21T12:16:48Z,219000811,54.916280,11.362147,6.7,Under way using engine
2026-08-21T12:16:50Z,219000809,54.913428,11.382502,8.7,Under way using engine
2026-08-21T12:16:54Z,219002177,54.931962,11.370985,7.4,Under way using engine
2026-08-21T12:17:18Z,219000811,54.916197,11.360942,5.0,Under way using engine
2026-08-21T12:17:20Z,219000809,54.912763,11.384152,8.6,Under way using engine
2026-08-21T12:17:24Z,219002177,54.930932,11.371070,7.4,Under way using engine
2026-08-21T12:17:48Z,219000811,54.915928,11.360623,2.4,Under way using engine
2026-08-21T12:17:50Z,219000809,54.912047,11.385905,8.6,Under way using engine
2026-08-21T12:17:54Z,219002177,54.929910,11.371155,7.4,Under way using engine
2026-08-21T12:18:18Z,219000811,54.915932,11.360662,0.6,Under way using engine
2026-08-21T12:18:20Z,219000809,54.911363,11.387593,8.6,Under way using engine
2026-08-21T12:18:24Z,219002177,54.928893,11.371220,7.3,Under way using engine
2026-08-21T12:18:48Z,219000811,54.915958,11.360335,1.5,Under way using engine
2026-08-21T12:18:50Z,219000809,54.910687,11.389317,8.6,Under way using engine
2026-08-21T12:18:54Z,219002177,54.927885,11.371310,7.3,Under way using engine
2026-08-21T12:19:18Z,219000811,54.916058,11.360043,1.4,Under way using engine
2026-08-21T12:19:20Z,219000809,54.909987,11.390993,8.6,Under way using engine
2026-08-21T12:19:24Z,219002177,54.926875,11.371372,7.4,Under way using engine
2026-08-21T12:19:48Z,219000811,54.916073,11.359985,0.2,Under way using engine
2026-08-21T12:19:50Z,219000809,54.909290,11.392697,8.6,Under way using engine
2026-08-21T12:19:54Z,219002177,54.925875,11.371468,7.4,Under way using engine
2026-08-21T12:20:18Z,219000811,54.916073,11.359983,0.0,Under way using engine
2026-08-21T12:20:20Z,219000809,54.908637,11.394412,8.4,Under way using engine
2026-08-21T12:20:25Z,219002177,54.924820,11.371552,7.5,Under way using engine
2026-08-21T12:20:50Z,219000809,54.908387,11.396338,8.2,Under way using engine
2026-08-21T12:20:50Z,219000811,54.916073,11.359988,0.0,Under way using engine
2026-08-21T12:21:04Z,219002177,54.923432,11.371723,7.6,Under way using engine
2026-08-21T12:21:20Z,219000809,54.908647,11.398252,8.4,Under way using engine
2026-08-21T12:21:29Z,219000811,54.916073,11.359987,0.0,Under way using engine
2026-08-21T12:21:35Z,219002177,54.922333,11.371848,7.6,Under way using engine
2026-08-21T12:21:50Z,219000809,54.909267,11.400032,8.6,Under way using engine
2026-08-21T12:21:59Z,219000811,54.916073,11.359988,0.0,Under way using engine
2026-08-21T12:22:13Z,219002177,54.921018,11.372067,7.5,Under way using engine
2026-08-21T12:22:20Z,219000809,54.909965,11.401730,8.7,Under way using engine
2026-08-21T12:22:29Z,219000811,54.916073,11.359990,0.0,Under way using engine
2026-08-21T12:22:45Z,219002177,54.919952,11.372215,7.5,Under way using engine
2026-08-21T12:22:50Z,219000809,54.910672,11.403432,8.7,Under way using engine
2026-08-21T12:22:59Z,219000811,54.916072,11.359990,0.0,Under way using engine
2026-08-21T12:23:20Z,219000809,54.911373,11.405138,8.7,Under way using engine
2026-08-21T12:23:25Z,219002177,54.918642,11.372148,7.0,Under way using engine
2026-08-21T12:23:29Z,219000811,54.916070,11.359987,0.0,Under way using engine
2026-08-21T12:23:59Z,219000811,54.916068,11.359987,0.0,Under way using engine
2026-08-21T12:24:00Z,219000809,54.912313,11.407408,8.7,Under way using engine
2026-08-21T12:24:04Z,219002177,54.917413,11.371490,6.8,Under way using engine
2026-08-21T12:24:29Z,219000811,54.916067,11.359985,0.0,Under way using engine
2026-08-21T12:24:35Z,219002177,54.916788,11.370588,5.2,Under way using engine
2026-08-21T12:24:40Z,219000809,54.913272,11.409682,8.7,Under way using engine
2026-08-21T12:24:59Z,219000811,54.916063,11.359985,0.0,Under way using engine
2026-08-21T12:25:10Z,219000809,54.913978,11.411367,8.7,Under way using engine
2026-08-21T12:25:14Z,219002177,54.916690,11.368912,6.1,Under way using engine
2026-08-21T12:25:29Z,219000811,54.916062,11.359983,0.0,Under way using engine
2026-08-21T12:25:40Z,219000809,54.914698,11.413080,8.8,Under way using engine
2026-08-21T12:25:45Z,219002177,54.916570,11.367145,7.6,Under way using engine
2026-08-21T12:25:59Z,219000811,54.916060,11.359983,0.0,Under way using engine
2026-08-21T12:26:10Z,219000809,54.915407,11.414790,8.8,Under way using engine
2026-08-21T12:26:24Z,219002177,54.916375,11.364650,8.2,Under way using engine
2026-08-21T12:26:29Z,219000811,54.916062,11.359982,0.0,Under way using engine
2026-08-21T12:26:40Z,219000809,54.916127,11.416470,8.6,Under way using engine
2026-08-21T12:26:54Z,219002177,54.916325,11.362725,7.3,Under way using engine
2026-08-21T12:26:59Z,219000811,54.916062,11.359978,0.0,Under way using engine
2026-08-21T12:27:11Z,219000809,54.916820,11.418017,8.8,Under way using engine
2026-08-21T12:27:24Z,219002177,54.916332,11.361362,4.8,Under way using engine
2026-08-21T12:27:39Z,219000811,54.916065,11.359977,0.0,Under way using engine
2026-08-21T12:27:49Z,219000809,54.917832,11.420258,8.8,Under way using engine
2026-08-21T12:27:54Z,219002177,54.916337,11.360745,1.6,Under way using engine
2026-08-21T12:28:10Z,219000811,54.916065,11.359977,0.0,Under way using engine
2026-08-21T12:28:19Z,219000809,54.918585,11.421945,8.8,Under way using engine
2026-08-21T12:28:24Z,219002177,54.916335,11.360540,0.4,Under way using engine
2026-08-21T12:28:49Z,219000811,54.916067,11.359978,0.0,Under way using engine
2026-08-21T12:28:50Z,219000809,54.919378,11.423675,8.9,Under way using engine
2026-08-21T12:28:54Z,219002177,54.916337,11.360535,0.0,Under way using engine
2026-08-21T12:29:24Z,219002177,54.916340,11.360545,0.0,Under way using engine
2026-08-21T12:29:29Z,219000811,54.916067,11.359978,0.0,Under way using engine
2026-08-21T12:29:30Z,219000809,54.920385,11.425927,8.9,Under way using engine
2026-08-21T12:29:55Z,219002177,54.916338,11.360532,0.0,Under way using engine
2026-08-21T12:29:59Z,219000811,54.916068,11.359978,0.0,Under way using engine
2026-08-21T12:30:00Z,219000809,54.921170,11.427665,8.9,Under way using engine
2026-08-21T12:30:30Z,219000809,54.921900,11.429305,8.8,Under way using engine
2026-08-21T12:30:30Z,219000811,54.916072,11.359975,0.0,Under way using engine
2026-08-21T12:30:34Z,219002177,54.916340,11.360528,0.0,Under way using engine
2026-08-21T12:31:00Z,219000809,54.922685,11.431042,8.9,Under way using engine
2026-08-21T12:31:04Z,219002177,54.916353,11.360528,0.0,Under way using engine
2026-08-21T12:31:10Z,219000811,54.916073,11.359973,0.0,Under way using engine
2026-08-21T12:31:30Z,219000809,54.923377,11.432660,8.7,Under way using engine
2026-08-21T12:31:34Z,219002177,54.916340,11.360530,0.0,Under way using engine
2026-08-21T12:31:49Z,219000811,54.916077,11.359968,0.0,Under way using engine
2026-08-21T12:32:00Z,219000809,54.924160,11.434407,8.9,Under way using engine
2026-08-21T12:32:04Z,219002177,54.916347,11.360540,0.0,Under way using engine
2026-08-21T12:32:30Z,219000811,54.916077,11.359967,0.0,Under way using engine
2026-08-21T12:32:31Z,219000809,54.924915,11.436105,8.8,Under way using engine
2026-08-21T12:32:35Z,219002177,54.916342,11.360548,0.0,Under way using engine
2026-08-21T12:33:09Z,219000809,54.925897,11.438305,8.9,Under way using engine
2026-08-21T12:33:18Z,219000811,54.916075,11.359968,0.0,Under way using engine
2026-08-21T12:33:24Z,219002177,54.916342,11.360545,0.0,Under way using engine
2026-08-21T12:33:39Z,219000809,54.926627,11.439957,8.9,Under way using engine
2026-08-21T12:33:48Z,219000811,54.916075,11.359972,0.0,Under way using engine
2026-08-21T12:33:55Z,219002177,54.916348,11.360537,0.0,Under way using engine
2026-08-21T12:34:09Z,219000809,54.927422,11.441717,8.9,Under way using engine
2026-08-21T12:34:18Z,219000811,54.916077,11.359973,0.0,Under way using engine
2026-08-21T12:34:35Z,219002177,54.916343,11.360535,0.0,Under way using engine
2026-08-21T12:34:39Z,219000809,54.928148,11.443357,8.9,Under way using engine
2026-08-21T12:34:48Z,219000811,54.916077,11.359975,0.0,Under way using engine
2026-08-21T12:35:05Z,219002177,54.916335,11.360520,0.0,Under way using engine
2026-08-21T12:35:09Z,219000809,54.928940,11.445082,8.9,Under way using engine
2026-08-21T12:35:20Z,219000811,54.916073,11.359978,0.0,Under way using engine
2026-08-21T12:35:35Z,219002177,54.916338,11.360510,0.0,Under way using engine
2026-08-21T12:35:39Z,219000809,54.929638,11.446700,8.6,Under way using engine
2026-08-21T12:35:59Z,219000811,54.916070,11.359982,0.0,Under way using engine
2026-08-21T12:36:14Z,219002177,54.916347,11.360517,0.0,Under way using engine
2026-08-21T12:36:20Z,219000809,54.930687,11.449017,8.9,Under way using engine
2026-08-21T12:36:30Z,219000811,54.916068,11.359985,0.0,Under way using engine
2026-08-21T12:36:53Z,219002177,54.916345,11.360515,0.0,Under way using engine
2026-08-21T12:37:09Z,219000809,54.931968,11.451733,8.9,Under way using engine
2026-08-21T12:37:20Z,219000811,54.916072,11.359988,0.0,Under way using engine
2026-08-21T12:37:24Z,219002177,54.916342,11.360540,0.0,Under way using engine
2026-08-21T12:37:39Z,219000809,54.932735,11.453335,8.9,Under way using engine
2026-08-21T12:37:59Z,219000811,54.916072,11.359987,0.0,Under way using engine
2026-08-21T12:38:04Z,219002177,54.916343,11.360560,0.0,Under way using engine
2026-08-21T12:38:09Z,219000809,54.933497,11.455088,8.8,Under way using engine
2026-08-21T12:38:30Z,219000811,54.916073,11.359985,0.0,Under way using engine
2026-08-21T12:38:34Z,219002177,54.916348,11.360538,0.0,Under way using engine
2026-08-21T12:38:39Z,219000809,54.934082,11.456902,8.9,Under way using engine
2026-08-21T12:39:05Z,219002177,54.916350,11.360522,0.0,Under way using engine
2026-08-21T12:39:09Z,219000809,54.934525,11.458230,8.9,Under way using engine
2026-08-21T12:39:09Z,219000811,54.916073,11.359987,0.0,Under way using engine
2026-08-21T12:39:39Z,219000809,54.935317,11.460638,8.9,Under way using engine
2026-08-21T12:39:40Z,219000811,54.916072,11.359987,0.0,Under way using engine
2026-08-21T12:39:44Z,219002177,54.916338,11.360528,0.0,Under way using engine
2026-08-21T12:40:09Z,219000809,54.935943,11.462527,8.8,Under way using engine
2026-08-21T12:40:14Z,219002177,54.916338,11.360518,0.0,Under way using engine
2026-08-21T12:40:20Z,219000811,54.916073,11.359983,0.0,Under way using engine
2026-08-21T12:40:39Z,219000809,54.936528,11.464310,8.8,Under way using engine
2026-08-21T12:40:44Z,219002177,54.916337,11.360510,0.0,Under way using engine
2026-08-21T12:41:09Z,219000809,54.937162,11.466215,8.8,Under way using engine
2026-08-21T12:41:09Z,219000811,54.916075,11.359977,0.0,Under way using engine
2026-08-21T12:41:14Z,219002177,54.916362,11.360562,0.0,Under way using engine
2026-08-21T12:41:39Z,219000809,54.937767,11.468035,8.7,Under way using engine
2026-08-21T12:41:40Z,219000811,54.916077,11.359975,0.0,Under way using engine
2026-08-21T12:41:44Z,219002177,54.916340,11.360528,0.0,Under way using engine
2026-08-21T12:42:09Z,219000809,54.938403,11.469937,8.7,Under way using engine
2026-08-21T12:42:14Z,219002177,54.916340,11.360540,0.0,Under way using engine
2026-08-21T12:42:20Z,219000811,54.916075,11.359977,0.0,Under way using engine
2026-08-21T12:42:39Z,219000809,54.938940,11.471700,8.7,Under way using engine
2026-08-21T12:42:44Z,219002177,54.916332,11.360522,0.0,Under way using engine
2026-08-21T12:43:09Z,219000809,54.939513,11.473578,8.6,Under way using engine
2026-08-21T12:43:09Z,219000811,54.916075,11.359978,0.0,Under way using engine
2026-08-21T12:43:14Z,219002177,54.916337,11.360530,0.0,Under way using engine
2026-08-21T12:43:40Z,219000809,54.940120,11.475318,8.3,Under way using engine
2026-08-21T12:43:40Z,219000811,54.916075,11.359978,0.0,Under way using engine
2026-08-21T12:43:44Z,219002177,54.916340,11.360548,0.0,Under way using engine
2026-08-21T12:44:13Z,219000809,54.941082,11.476908,8.6,Under way using engine
2026-08-21T12:44:14Z,219002177,54.916340,11.360547,0.0,Under way using engine
2026-08-21T12:44:18Z,219000811,54.916073,11.359980,0.0,Under way using engine
2026-08-21T12:44:44Z,219002177,54.916345,11.360535,0.0,Under way using engine
2026-08-21T12:44:48Z,219000811,54.916073,11.359982,0.0,Under way using engine
2026-08-21T12:44:50Z,219000809,54.942102,11.478770,8.7,Under way using engine
2026-08-21T12:45:14Z,219002177,54.916335,11.360550,0.0,Under way using engine
2026-08-21T12:45:18Z,219000811,54.916072,11.359980,0.0,Under way using engine
2026-08-21T12:45:29Z,219000809,54.943175,11.480642,8.8,Under way using engine
2026-08-21T12:45:44Z,219002177,54.916343,11.360552,0.0,Under way using engine
2026-08-21T12:45:48Z,219000811,54.916070,11.359980,0.0,Under way using engine
2026-08-21T12:46:00Z,219000809,54.944292,11.481702,8.6,Under way using engine
2026-08-21T12:46:14Z,219002177,54.916347,11.360537,0.0,Under way using engine
2026-08-21T12:46:18Z,219000811,54.916067,11.359978,0.0,Under way using engine
2026-08-21T12:46:30Z,219000809,54.945468,11.482318,8.9,Under way using engine
2026-08-21T12:46:44Z,219002177,54.916348,11.360525,0.0,Under way using engine
2026-08-21T12:46:48Z,219000811,54.916065,11.359972,0.0,Under way using engine
2026-08-21T12:47:00Z,219000809,54.946675,11.482975,9.1,Under way using engine
2026-08-21T12:47:18Z,219000811,54.916065,11.359965,0.0,Under way using engine
2026-08-21T12:47:24Z,219002177,54.916360,11.360520,0.0,Under way using engine
2026-08-21T12:47:30Z,219000809,54.947887,11.483615,9.1,Under way using engine
2026-08-21T12:47:48Z,219000811,54.916068,11.359955,0.0,Under way using engine
2026-08-21T12:48:00Z,219000809,54.949092,11.484302,9.2,Under way using engine
2026-08-21T12:48:03Z,219002177,54.916355,11.360523,0.0,Under way using engine
2026-08-21T12:48:18Z,219000811,54.916070,11.359945,0.0,Under way using engine
2026-08-21T12:48:30Z,219000809,54.950315,11.484918,9.2,Under way using engine
2026-08-21T12:48:34Z,219002177,54.916345,11.360530,0.0,Under way using engine
2026-08-21T12:48:48Z,219000811,54.916070,11.359940,0.0,Under way using engine
2026-08-21T12:49:01Z,219000809,54.951535,11.485592,9.2,Under way using engine
2026-08-21T12:49:18Z,219000811,54.916068,11.359935,0.0,Under way using engine
2026-08-21T12:49:24Z,219002177,54.916350,11.360527,0.0,Under way using engine
2026-08-21T12:49:40Z,219000809,54.953162,11.486457,9.2,Under way using engine
2026-08-21T12:49:48Z,219000811,54.916068,11.359933,0.0,Under way using engine
2026-08-21T12:49:54Z,219002177,54.916343,11.360533,0.0,Under way using engine
2026-08-21T12:50:10Z,219000809,54.954345,11.487093,9.2,Under way using engine
2026-08-21T12:50:20Z,219000811,54.916068,11.359933,0.0,Under way using engine
2026-08-21T12:50:24Z,219002177,54.916342,11.360540,0.0,Under way using engine
2026-08-21T12:50:40Z,219000809,54.955613,11.487725,9.2,Under way using engine
2026-08-21T12:50:54Z,219002177,54.916360,11.360543,0.1,Under way using engine
2026-08-21T12:51:00Z,219000811,54.916065,11.359930,0.0,Under way using engine
2026-08-21T12:51:10Z,219000809,54.956768,11.488333,8.9,Under way using engine
2026-08-21T12:51:34Z,219002177,54.916352,11.360718,1.0,Under way using engine
2026-08-21T12:51:38Z,219000811,54.916060,11.359928,0.0,Under way using engine
2026-08-21T12:51:40Z,219000809,54.958027,11.488990,9.3,Under way using engine
2026-08-21T12:52:09Z,219000811,54.916060,11.359930,0.0,Under way using engine
2026-08-21T12:52:10Z,219000809,54.959213,11.489640,9.2,Under way using engine
2026-08-21T12:52:14Z,219002177,54.916295,11.361402,3.0,Under way using engine
2026-08-21T12:52:40Z,219000809,54.960448,11.490327,9.0,Under way using engine
2026-08-21T12:52:49Z,219000811,54.916063,11.359930,0.0,Under way using engine
2026-08-21T12:52:54Z,219002177,54.916208,11.362672,4.3,Under way using engine
2026-08-21T12:53:10Z,219000809,54.961628,11.490952,9.1,Under way using engine
2026-08-21T12:53:20Z,219000811,54.916065,11.359933,0.0,Under way using engine
2026-08-21T12:53:34Z,219002177,54.916342,11.364247,5.3,Under way using engine
2026-08-21T12:53:40Z,219000809,54.962850,11.491655,8.9,Under way using engine
2026-08-21T12:54:00Z,219000811,54.916068,11.359935,0.0,Under way using engine
2026-08-21T12:54:10Z,219000809,54.963883,11.492583,8.8,Under way using engine
2026-08-21T12:54:14Z,219002177,54.916453,11.366043,5.9,Under way using engine
2026-08-21T12:54:38Z,219000811,54.916070,11.359935,0.0,Under way using engine
2026-08-21T12:54:40Z,219000809,54.964893,11.493883,8.8,Under way using engine
2026-08-21T12:54:54Z,219002177,54.916658,11.367982,6.2,Under way using engine
2026-08-21T12:55:10Z,219000809,54.965845,11.495152,9.0,Under way using engine
2026-08-21T12:55:10Z,219000811,54.916070,11.359937,0.0,Under way using engine
2026-08-21T12:55:34Z,219002177,54.916832,11.370005,6.3,Under way using engine
2026-08-21T12:55:40Z,219000809,54.966883,11.496542,9.0,Under way using engine
2026-08-21T12:55:50Z,219000811,54.916070,11.359938,0.0,Under way using engine
2026-08-21T12:56:10Z,219000809,54.967835,11.497817,9.0,Under way using engine
2026-08-21T12:56:13Z,219002177,54.917438,11.371070,4.6,Under way using engine
2026-08-21T12:56:20Z,219000811,54.916070,11.359940,0.0,Under way using engine
2026-08-21T12:56:40Z,219000809,54.968873,11.499198,9.1,Under way using engine
2026-08-21T12:56:45Z,219002177,54.918163,11.371140,5.1,Under way using engine
2026-08-21T12:56:50Z,219000811,54.916072,11.359942,0.0,Under way using engine
2026-08-21T12:57:10Z,219000809,54.969802,11.500487,8.9,Under way using engine
2026-08-21T12:57:20Z,219000811,54.916072,11.359945,0.0,Under way using engine
2026-08-21T12:57:24Z,219002177,54.919143,11.371218,5.7,Under way using engine
2026-08-21T12:57:40Z,219000809,54.970817,11.501843,8.9,Under way using engine
2026-08-21T12:57:50Z,219000811,54.916072,11.359947,0.0,Under way using engine
2026-08-21T12:57:54Z,219002177,54.919978,11.371292,6.0,Under way using engine
2026-08-21T12:58:10Z,219000809,54.971718,11.503222,9.0,Under way using engine
2026-08-21T12:58:20Z,219000811,54.916072,11.359948,0.0,Under way using engine
2026-08-21T12:58:24Z,219002177,54.920785,11.371375,6.2,Under way using engine
2026-08-21T12:58:40Z,219000809,54.972395,11.504988,8.4,Under way using engine
2026-08-21T12:58:50Z,219000811,54.916072,11.359948,0.0,Under way using engine
2026-08-21T12:58:54Z,219002177,54.921715,11.371442,6.4,Under way using engine
2026-08-21T12:59:13Z,219000809,54.972342,11.507027,8.1,Under way using engine
2026-08-21T12:59:20Z,219000811,54.916072,11.359948,0.0,Under way using engine
2026-08-21T12:59:24Z,219002177,54.922593,11.371505,6.6,Under way using engine
2026-08-21T12:59:50Z,219000809,54.972115,11.509483,8.3,Under way using engine
2026-08-21T12:59:50Z,219000811,54.916073,11.359948,0.0,Under way using engine
2026-08-21T12:59:54Z,219002177,54.923547,11.371553,6.8,Under way using engine
2026-08-21T13:00:20Z,219000811,54.916073,11.359948,0.0,Under way using engine
2026-08-21T13:00:21Z,219000809,54.971928,11.511407,7.4,Under way using engine
2026-08-21T13:00:24Z,219002177,54.924488,11.371608,6.9,Under way using engine
2026-08-21T13:00:50Z,219000811,54.916072,11.359952,0.0,Under way using engine
2026-08-21T13:00:55Z,219002177,54.925498,11.371608,7.1,Under way using engine
2026-08-21T13:00:56Z,219000809,54.971850,11.513008,4.7,Under way using engine
2026-08-21T13:01:20Z,219000811,54.916073,11.359955,0.0,Under way using engine
2026-08-21T13:01:26Z,219000809,54.971882,11.513838,2.9,Under way using engine
2026-08-21T13:01:34Z,219002177,54.926800,11.371617,7.3,Under way using engine
2026-08-21T13:01:50Z,219000811,54.916073,11.359957,0.0,Under way using engine
2026-08-21T13:02:00Z,219000809,54.971880,11.514368,1.6,Under way using engine
2026-08-21T13:02:04Z,219002177,54.927813,11.371623,7.3,Under way using engine
2026-08-21T13:02:29Z,219000811,54.916073,11.359962,0.0,Under way using engine
2026-08-21T13:02:30Z,219000809,54.971878,11.514510,0.3,Under way using engine
2026-08-21T13:02:34Z,219002177,54.928833,11.371662,7.4,Under way using engine
2026-08-21T13:03:00Z,219000809,54.971883,11.514557,0.1,Under way using engine
2026-08-21T13:03:00Z,219000811,54.916073,11.359967,0.0,Under way using engine
2026-08-21T13:03:04Z,219002177,54.929868,11.371683,7.4,Under way using engine
2026-08-21T13:03:30Z,219000809,54.971915,11.514528,0.0,Under way using engine
2026-08-21T13:03:34Z,219002177,54.930890,11.371720,7.4,Under way using engine
2026-08-21T13:03:40Z,219000811,54.916075,11.359967,0.0,Under way using engine
2026-08-21T13:04:01Z,219000809,54.971915,11.514570,0.0,Under way using engine
2026-08-21T13:04:05Z,219002177,54.931943,11.371733,7.4,Under way using engine
2026-08-21T13:04:20Z,219000811,54.916077,11.359968,0.0,Under way using engine
2026-08-21T13:04:40Z,219000809,54.971892,11.514560,0.0,Under way using engine
2026-08-21T13:04:44Z,219002177,54.933272,11.371772,7.3,Under way using engine
2026-08-21T13:04:50Z,219000811,54.916077,11.359967,0.0,Under way using engine
2026-08-21T13:05:10Z,219000809,54.971922,11.514560,0.0,Under way using engine
2026-08-21T13:05:20Z,219000811,54.916078,11.359960,0.0,Under way using engine
2026-08-21T13:05:23Z,219002177,54.934522,11.371657,6.7,Under way using engine
2026-08-21T13:05:40Z,219000809,54.971922,11.514563,0.0,Under way using engine
2026-08-21T13:05:50Z,219000811,54.916078,11.359957,0.0,Under way using engine
2026-08-21T13:05:54Z,219002177,54.935352,11.371642,5.3,Under way using engine
2026-08-21T13:06:10Z,219000809,54.971897,11.514590,0.1,Under way using engine
2026-08-21T13:06:20Z,219000811,54.916078,11.359957,0.0,Under way using engine
2026-08-21T13:06:34Z,219002177,54.935827,11.371890,1.2,Under way using engine
2026-08-21T13:06:40Z,219000809,54.971913,11.514572,0.0,Under way using engine
2026-08-21T13:06:50Z,219000811,54.916077,11.359962,0.0,Under way using engine
2026-08-21T13:07:05Z,219002177,54.935938,11.371973,0.7,Under way using engine
2026-08-21T13:07:10Z,219000809,54.971860,11.514593,0.0,Under way using engine
2026-08-21T13:07:20Z,219000811,54.916077,11.359962,0.0,Under way using engine
2026-08-21T13:07:35Z,219002177,54.935970,11.371970,0.0,Under way using engine
2026-08-21T13:07:40Z,219000809,54.971912,11.514540,0.0,Under way using engine
2026-08-21T13:08:00Z,219000811,54.916075,11.359963,0.0,Under way using engine
2026-08-21T13:08:05Z,219002177,54.935957,11.371947,0.1,Under way using engine
2026-08-21T13:08:10Z,219000809,54.971927,11.514543,0.0,Under way using engine
2026-08-21T13:08:30Z,219000811,54.916072,11.359965,0.0,Under way using engine
2026-08-21T13:08:35Z,219002177,54.935952,11.371945,0.0,Under way using engine
2026-08-21T13:08:40Z,219000809,54.971907,11.514547,0.0,Under way using engine
2026-08-21T13:09:05Z,219002177,54.935965,11.371962,0.0,Under way using engine
2026-08-21T13:09:09Z,219000811,54.916068,11.359967,0.0,Under way using engine
2026-08-21T13:09:10Z,219000809,54.971908,11.514542,0.0,Under way using engine
2026-08-21T13:09:35Z,219002177,54.935963,11.371970,0.0,Under way using engine
2026-08-21T13:09:40Z,219000809,54.971893,11.514550,0.0,Under way using engine
2026-08-21T13:09:40Z,219000811,54.916068,11.359968,0.0,Under way using engine
2026-08-21T13:10:05Z,219002177,54.935945,11.371957,0.0,Under way using engine
2026-08-21T13:10:10Z,219000809,54.971897,11.514575,0.1,Under way using engine
2026-08-21T13:10:20Z,219000811,54.916070,11.359970,0.0,Under way using engine
2026-08-21T13:10:35Z,219002177,54.935967,11.371972,0.0,Under way using engine
2026-08-21T13:10:40Z,219000809,54.971917,11.514535,0.0,Under way using engine
2026-08-21T13:10:58Z,219000811,54.916072,11.359968,0.0,Under way using engine
2026-08-21T13:11:05Z,219002177,54.935963,11.371990,0.0,Under way using engine
2026-08-21T13:11:19Z,219000809,54.971890,11.514567,0.0,Under way using engine
2026-08-21T13:11:35Z,219002177,54.935965,11.371995,0.0,Under way using engine
2026-08-21T13:11:40Z,219000811,54.916077,11.359967,0.0,Under way using engine
2026-08-21T13:11:50Z,219000809,54.971948,11.514533,0.0,Under way using engine
2026-08-21T13:12:05Z,219002177,54.935972,11.371960,0.0,Under way using engine
2026-08-21T13:12:20Z,219000811,54.916073,11.359965,0.0,Under way using engine
2026-08-21T13:12:29Z,219000809,54.971973,11.514525,0.1,Under way using engine
2026-08-21T13:12:35Z,219002177,54.935937,11.371938,0.5,Under way using engine
2026-08-21T13:12:58Z,219000811,54.916070,11.359963,0.0,Under way using engine
2026-08-21T13:13:01Z,219000809,54.971958,11.514512,0.0,Under way using engine
2026-08-21T13:13:05Z,219002177,54.935773,11.371737,2.3,Under way using engine
2026-08-21T13:13:29Z,219000811,54.916072,11.359963,0.0,Under way using engine
2026-08-21T13:13:35Z,219002177,54.935348,11.371415,3.6,Under way using engine
2026-08-21T13:13:40Z,219000809,54.971938,11.514517,0.1,Under way using engine
2026-08-21T13:14:05Z,219002177,54.934815,11.371003,4.2,Under way using engine
2026-08-21T13:14:10Z,219000811,54.916073,11.359962,0.0,Under way using engine
2026-08-21T13:14:20Z,219000809,54.971948,11.514498,0.0,Under way using engine
2026-08-21T13:14:40Z,219000811,54.916073,11.359962,0.0,Under way using engine
2026-08-21T13:14:44Z,219002177,54.934002,11.371035,4.7,Under way using engine
2026-08-21T13:14:50Z,219000809,54.971937,11.514538,0.1,Under way using engine
2026-08-21T13:15:10Z,219000811,54.916073,11.359962,0.0,Under way using engine
2026-08-21T13:15:14Z,219002177,54.933330,11.370948,5.1,Under way using engine
2026-08-21T13:15:20Z,219000809,54.971930,11.514507,0.5,Under way using engine
2026-08-21T13:15:40Z,219000811,54.916073,11.359962,0.0,Under way using engine
2026-08-21T13:15:44Z,219002177,54.932595,11.371015,5.3,Under way using engine
2026-08-21T13:15:50Z,219000809,54.971915,11.514028,2.5,Under way using engine
2026-08-21T13:16:10Z,219000811,54.916073,11.359963,0.0,Under way using engine
2026-08-21T13:16:14Z,219002177,54.931805,11.371133,5.6,Under way using engine
2026-08-21T13:16:20Z,219000809,54.971843,11.513425,2.4,Under way using engine
2026-08-21T13:16:40Z,219000811,54.916072,11.359963,0.0,Under way using engine
2026-08-21T13:16:44Z,219002177,54.931055,11.371290,5.7,Under way using engine
2026-08-21T13:16:50Z,219000809,54.971763,11.513032,1.3,Under way using engine
2026-08-21T13:17:10Z,219000811,54.916070,11.359967,0.0,Under way using engine
2026-08-21T13:17:14Z,219002177,54.930242,11.371442,5.7,Under way using engine
2026-08-21T13:17:23Z,219000809,54.971855,11.512540,2.8,Under way using engine
2026-08-21T13:17:40Z,219000811,54.916068,11.359970,0.0,Under way using engine
2026-08-21T13:17:44Z,219002177,54.929498,11.371330,5.4,Under way using engine
2026-08-21T13:17:53Z,219000809,54.971947,11.511433,5.4,Under way using engine
2026-08-21T13:18:10Z,219000811,54.916067,11.359972,0.0,Under way using engine
2026-08-21T13:18:14Z,219002177,54.928718,11.371472,5.6,Under way using engine
2026-08-21T13:18:30Z,219000809,54.972118,11.509432,7.4,Under way using engine
2026-08-21T13:18:44Z,219002177,54.927970,11.371672,5.7,Under way using engine
2026-08-21T13:18:49Z,219000811,54.916067,11.359972,0.0,Under way using engine
2026-08-21T13:19:00Z,219000809,54.972240,11.507583,7.9,Under way using engine
2026-08-21T13:19:19Z,219000811,54.916067,11.359968,0.0,Under way using engine
2026-08-21T13:19:25Z,219002177,54.926823,11.371915,5.8,Under way using engine
2026-08-21T13:19:30Z,219000809,54.972035,11.505722,7.9,Under way using engine
2026-08-21T13:19:49Z,219000811,54.916065,11.359968,0.0,Under way using engine
2026-08-21T13:20:00Z,219000809,54.971335,11.504127,8.5,Under way using engine
2026-08-21T13:20:05Z,219002177,54.925750,11.372168,5.9,Under way using engine
2026-08-21T13:20:19Z,219000811,54.916065,11.359970,0.0,Under way using engine
2026-08-21T13:20:30Z,219000809,54.970528,11.502475,9.2,Under way using engine
2026-08-21T13:20:44Z,219002177,54.924715,11.372345,6.0,Under way using engine
2026-08-21T13:20:50Z,219000811,54.916057,11.360067,0.4,Under way using engine
2026-08-21T13:21:00Z,219000809,54.969632,11.500872,9.3,Under way using engine
2026-08-21T13:21:14Z,219002177,54.923850,11.372368,6.0,Under way using engine
2026-08-21T13:21:29Z,219000811,54.916052,11.361037,3.8,Under way using engine
2026-08-21T13:21:30Z,219000809,54.968735,11.499155,9.4,Under way using engine
2026-08-21T13:21:44Z,219002177,54.923045,11.372450,6.2,Under way using engine
2026-08-21T13:21:59Z,219000811,54.916107,11.362428,5.7,Under way using engine
2026-08-21T13:22:00Z,219000809,54.967828,11.497625,9.3,Under way using engine
2026-08-21T13:22:14Z,219002177,54.922152,11.372530,6.2,Under way using engine
2026-08-21T13:22:29Z,219000811,54.916198,11.364132,7.2,Under way using engine
2026-08-21T13:22:30Z,219000809,54.966908,11.496002,9.2,Under way using engine
2026-08-21T13:22:54Z,219002177,54.921037,11.372378,6.1,Under way using engine
2026-08-21T13:22:59Z,219000811,54.916335,11.366203,8.5,Under way using engine
2026-08-21T13:23:10Z,219000809,54.965692,11.493960,9.3,Under way using engine
2026-08-21T13:23:25Z,219002177,54.920153,11.372135,6.1,Under way using engine
2026-08-21T13:23:29Z,219000811,54.916423,11.368225,8.7,Under way using engine
2026-08-21T13:23:50Z,219000809,54.964450,11.491823,9.2,Under way using engine
2026-08-21T13:23:59Z,219000811,54.916027,11.370217,8.5,Under way using engine
2026-08-21T13:24:05Z,219002177,54.919030,11.371823,6.1,Under way using engine
2026-08-21T13:24:20Z,219000809,54.963555,11.490385,9.0,Under way using engine
2026-08-21T13:24:29Z,219000811,54.915333,11.371917,8.7,Under way using engine
2026-08-21T13:24:43Z,219002177,54.917953,11.371512,6.0,Under way using engine
2026-08-21T13:24:50Z,219000809,54.962457,11.489247,9.1,Under way using engine
2026-08-21T13:24:59Z,219000811,54.914615,11.373628,8.8,Under way using engine
2026-08-21T13:25:14Z,219002177,54.917180,11.371125,5.6,Under way using engine
2026-08-21T13:25:20Z,219000809,54.961253,11.488618,9.5,Under way using engine
2026-08-21T13:25:29Z,219000811,54.913885,11.375447,9.1,Under way using engine
2026-08-21T13:25:50Z,219000809,54.959972,11.488027,9.2,Under way using engine
2026-08-21T13:25:54Z,219002177,54.916832,11.369827,4.6,Under way using engine
2026-08-21T13:25:59Z,219000811,54.913245,11.377365,9.2,Under way using engine
2026-08-21T13:26:20Z,219000809,54.958793,11.487490,9.2,Under way using engine
2026-08-21T13:26:24Z,219002177,54.916743,11.368668,5.1,Under way using engine
2026-08-21T13:26:29Z,219000811,54.912590,11.379288,9.3,Under way using engine
2026-08-21T13:26:50Z,219000809,54.957508,11.486965,9.1,Under way using engine
2026-08-21T13:26:54Z,219002177,54.916617,11.367412,5.4,Under way using engine
2026-08-21T13:26:59Z,219000811,54.911877,11.381143,9.3,Under way using engine
2026-08-21T13:27:20Z,219000809,54.956352,11.486547,8.9,Under way using engine
2026-08-21T13:27:24Z,219002177,54.916497,11.366085,5.6,Under way using engine
2026-08-21T13:27:29Z,219000811,54.911118,11.383060,9.4,Under way using engine
2026-08-21T13:27:50Z,219000809,54.955105,11.486133,9.1,Under way using engine
2026-08-21T13:27:54Z,219002177,54.916432,11.364745,5.7,Under way using engine
2026-08-21T13:27:59Z,219000811,54.910403,11.384853,9.4,Under way using engine
2026-08-21T13:28:20Z,219000809,54.953850,11.485608,9.3,Under way using engine
2026-08-21T13:28:24Z,219002177,54.916317,11.363365,5.8,Under way using engine
2026-08-21T13:28:29Z,219000811,54.909632,11.386777,9.4,Under way using engine
2026-08-21T13:28:50Z,219000809,54.952590,11.485160,9.2,Under way using engine
2026-08-21T13:28:54Z,219002177,54.916325,11.362022,5.2,Under way using engine
2026-08-21T13:28:59Z,219000811,54.908915,11.388560,9.0,Under way using engine
2026-08-21T13:29:20Z,219000809,54.951330,11.484698,9.3,Under way using engine
2026-08-21T13:29:24Z,219002177,54.916352,11.361053,3.1,Under way using engine
2026-08-21T13:29:29Z,219000811,54.908203,11.390203,8.5,Under way using engine
2026-08-21T13:29:50Z,219000809,54.950060,11.484267,9.3,Under way using engine
2026-08-21T13:29:54Z,219002177,54.916337,11.360650,1.2,Under way using engine
2026-08-21T13:29:59Z,219000811,54.907463,11.391843,8.4,Under way using engine
2026-08-21T13:30:20Z,219000809,54.948813,11.483870,9.2,Under way using engine
2026-08-21T13:30:24Z,219002177,54.916342,11.360520,0.3,Under way using engine
2026-08-21T13:30:29Z,219000811,54.906802,11.393472,8.4,Under way using engine
2026-08-21T13:30:50Z,219000809,54.947573,11.483343,9.1,Under way using engine
2026-08-21T13:30:54Z,219002177,54.916350,11.360518,0.0,Under way using engine
2026-08-21T13:30:59Z,219000811,54.906258,11.395228,8.3,Under way using engine
2026-08-21T13:31:21Z,219000809,54.946308,11.482865,9.0,Under way using engine
2026-08-21T13:31:24Z,219002177,54.916340,11.360507,0.0,Under way using engine
2026-08-21T13:31:29Z,219000811,54.905768,11.397030,8.3,Under way using engine
2026-08-21T13:31:54Z,219002177,54.916343,11.360505,0.0,Under way using engine
2026-08-21T13:31:59Z,219000811,54.905298,11.398858,8.4,Under way using engine
2026-08-21T13:32:00Z,219000809,54.944668,11.482258,9.1,Under way using engine
2026-08-21T13:32:24Z,219002177,54.916338,11.360520,0.0,Under way using engine
2026-08-21T13:32:29Z,219000811,54.904823,11.400735,8.3,Under way using engine
2026-08-21T13:32:36Z,219000809,54.943318,11.481510,8.6,Under way using engine
2026-08-21T13:32:54Z,219002177,54.916330,11.360522,0.0,Under way using engine
2026-08-21T13:32:59Z,219000811,54.904372,11.402497,8.3,Under way using engine
2026-08-21T13:33:06Z,219000809,54.942358,11.480115,8.7,Under way using engine
2026-08-21T13:33:24Z,219002177,54.916340,11.360528,0.0,Under way using engine
2026-08-21T13:33:29Z,219000811,54.903865,11.404417,8.3,Under way using engine
2026-08-21T13:33:36Z,219000809,54.941517,11.478592,8.7,Under way using engine
2026-08-21T13:33:54Z,219002177,54.916333,11.360505,0.0,Under way using engine
2026-08-21T13:33:59Z,219000811,54.903408,11.406145,8.3,Under way using engine
2026-08-21T13:34:09Z,219000809,54.940600,11.477013,8.8,Under way using engine
2026-08-21T13:34:24Z,219002177,54.916343,11.360507,0.0,Under way using engine
2026-08-21T13:34:29Z,219000811,54.902922,11.408007,8.3,Under way using engine
2026-08-21T13:34:39Z,219000809,54.939717,11.475445,8.8,Under way using engine
2026-08-21T13:34:55Z,219002177,54.916330,11.360503,0.0,Under way using engine
2026-08-21T13:34:59Z,219000811,54.902447,11.409800,8.3,Under way using engine
2026-08-21T13:35:09Z,219000809,54.939187,11.473668,8.7,Under way using engine
2026-08-21T13:35:29Z,219000811,54.901952,11.411667,8.3,Under way using engine
2026-08-21T13:35:35Z,219002177,54.916338,11.360512,0.0,Under way using engine
2026-08-21T13:35:39Z,219000809,54.938595,11.471697,8.9,Under way using engine
2026-08-21T13:35:59Z,219000811,54.901488,11.413393,8.2,Under way using engine
2026-08-21T13:36:05Z,219002177,54.916333,11.360533,0.0,Under way using engine
2026-08-21T13:36:09Z,219000809,54.938043,11.469847,9.0,Under way using engine
2026-08-21T13:36:29Z,219000811,54.900993,11.415242,8.3,Under way using engine
2026-08-21T13:36:35Z,219002177,54.916342,11.360532,0.0,Under way using engine
2026-08-21T13:36:39Z,219000809,54.937442,11.467860,9.0,Under way using engine
2026-08-21T13:36:59Z,219000811,54.900512,11.417047,8.3,Under way using engine
2026-08-21T13:37:05Z,219002177,54.916322,11.360527,0.0,Under way using engine
2026-08-21T13:37:09Z,219000809,54.936862,11.466000,9.1,Under way using engine
2026-08-21T13:37:29Z,219000811,54.900015,11.418923,8.4,Under way using engine
2026-08-21T13:37:35Z,219002177,54.916328,11.360535,0.0,Under way using engine
2026-08-21T13:37:39Z,219000809,54.936230,11.463990,9.2,Under way using engine
2026-08-21T13:37:59Z,219000811,54.899550,11.420670,8.4,Under way using engine
2026-08-21T13:38:05Z,219002177,54.916340,11.360550,0.0,Under way using engine
2026-08-21T13:38:10Z,219000809,54.935638,11.462042,9.2,Under way using engine
2026-08-21T13:38:29Z,219000811,54.898958,11.422467,8.4,Under way using engine
2026-08-21T13:38:35Z,219002177,54.916322,11.360538,0.0,Under way using engine
2026-08-21T13:38:49Z,219000809,54.934808,11.459465,9.2,Under way using engine
2026-08-21T13:38:59Z,219000811,54.898370,11.424195,8.4,Under way using engine
2026-08-21T13:39:05Z,219002177,54.916342,11.360530,0.0,Under way using engine
2026-08-21T13:39:20Z,219000809,54.934190,11.457503,9.3,Under way using engine
2026-08-21T13:39:29Z,219000811,54.897762,11.425982,8.4,Under way using engine
2026-08-21T13:39:35Z,219002177,54.916332,11.360532,0.0,Under way using engine
2026-08-21T13:39:59Z,219000811,54.897183,11.427703,8.4,Under way using engine
2026-08-21T13:40:00Z,219000809,54.933330,11.454832,9.3,Under way using engine
2026-08-21T13:40:05Z,219002177,54.916335,11.360533,0.0,Under way using engine
2026-08-21T13:40:29Z,219000811,54.896590,11.429435,8.4,Under way using engine
2026-08-21T13:40:35Z,219002177,54.916342,11.360527,0.0,Under way using engine
2026-08-21T13:40:39Z,219000809,54.932507,11.452258,9.3,Under way using engine
2026-08-21T13:40:59Z,219000811,54.895978,11.431143,8.4,Under way using engine
2026-08-21T13:41:05Z,219002177,54.916330,11.360532,0.0,Under way using engine
2026-08-21T13:41:10Z,219000809,54.931907,11.450290,9.3,Under way using engine
2026-08-21T13:41:30Z,219000811,54.895338,11.432895,8.4,Under way using engine
2026-08-21T13:41:43Z,219000809,54.931060,11.448300,9.2,Under way using engine
2026-08-21T13:41:44Z,219002177,54.916317,11.360522,0.0,Under way using engine
2026-08-21T13:42:09Z,219000811,54.894568,11.435210,8.4,Under way using engine
2026-08-21T13:42:14Z,219002177,54.916327,11.360533,0.0,Under way using engine
2026-08-21T13:42:20Z,219000809,54.930103,11.446158,9.0,Under way using engine
2026-08-21T13:42:39Z,219000811,54.894013,11.437003,8.5,Under way using engine
2026-08-21T13:42:54Z,219002177,54.916323,11.360548,0.0,Under way using engine
2026-08-21T13:43:00Z,219000809,54.929057,11.443890,9.3,Under way using engine
2026-08-21T13:43:09Z,219000811,54.893458,11.438818,8.6,Under way using engine
2026-08-21T13:43:34Z,219002177,54.916337,11.360518,0.0,Under way using engine
2026-08-21T13:43:39Z,219000809,54.928008,11.441638,9.3,Under way using engine
2026-08-21T13:43:39Z,219000811,54.892888,11.440677,8.7,Under way using engine
2026-08-21T13:44:05Z,219002177,54.916332,11.360522,0.0,Under way using engine
2026-08-21T13:44:09Z,219000811,54.892335,11.442540,8.8,Under way using engine
2026-08-21T13:44:10Z,219000809,54.927147,11.439757,9.3,Under way using engine
2026-08-21T13:44:39Z,219000811,54.891745,11.444512,8.8,Under way using engine
2026-08-21T13:44:43Z,219002177,54.916345,11.360515,0.0,Under way using engine
2026-08-21T13:44:50Z,219000809,54.926075,11.437378,9.4,Under way using engine
2026-08-21T13:45:09Z,219000811,54.891192,11.446315,8.8,Under way using engine
2026-08-21T13:45:15Z,219002177,54.916343,11.360517,0.0,Under way using engine
2026-08-21T13:45:20Z,219000809,54.925283,11.435600,9.4,Under way using engine
2026-08-21T13:45:39Z,219000811,54.890622,11.448190,8.8,Under way using engine
2026-08-21T13:45:50Z,219000809,54.924492,11.433822,9.4,Under way using engine
2026-08-21T13:45:54Z,219002177,54.916320,11.360517,0.0,Under way using engine
2026-08-21T13:46:09Z,219000811,54.890007,11.450100,8.8,Under way using engine
2026-08-21T13:46:20Z,219000809,54.923710,11.432042,9.3,Under way using engine
2026-08-21T13:46:25Z,219002177,54.916340,11.360535,0.0,Under way using engine
2026-08-21T13:46:39Z,219000811,54.889350,11.451875,8.8,Under way using engine
2026-08-21T13:46:50Z,219000809,54.922953,11.430357,8.8,Under way using engine
2026-08-21T13:47:05Z,219002177,54.916332,11.360552,0.0,Under way using engine
2026-08-21T13:47:09Z,219000811,54.888720,11.453573,8.7,Under way using engine
2026-08-21T13:47:20Z,219000809,54.922205,11.428567,9.3,Under way using engine
2026-08-21T13:47:35Z,219002177,54.916332,11.360538,0.0,Under way using engine
2026-08-21T13:47:39Z,219000811,54.887977,11.455308,8.7,Under way using engine
2026-08-21T13:47:50Z,219000809,54.921413,11.426812,9.2,Under way using engine
2026-08-21T13:48:05Z,219002177,54.916328,11.360545,0.0,Under way using engine
2026-08-21T13:48:09Z,219000811,54.887270,11.456977,8.6,Under way using engine
2026-08-21T13:48:20Z,219000809,54.920640,11.425072,9.2,Under way using engine
2026-08-21T13:48:35Z,219002177,54.916325,11.360547,0.0,Under way using engine
2026-08-21T13:48:39Z,219000811,54.886575,11.458602,8.4,Under way using engine
2026-08-21T13:48:50Z,219000809,54.919862,11.423348,9.0,Under way using engine
2026-08-21T13:49:09Z,219000811,54.885843,11.460183,8.4,Under way using engine
2026-08-21T13:49:15Z,219002177,54.916348,11.360568,0.0,Under way using engine
2026-08-21T13:49:20Z,219000809,54.919115,11.421595,9.1,Under way using engine
2026-08-21T13:49:39Z,219000811,54.885113,11.461758,8.2,Under way using engine
2026-08-21T13:49:50Z,219000809,54.918355,11.419833,9.0,Under way using engine
2026-08-21T13:49:54Z,219002177,54.916348,11.360565,0.0,Under way using engine
2026-08-21T13:50:09Z,219000811,54.884397,11.463322,8.4,Under way using engine
2026-08-21T13:50:25Z,219002177,54.916333,11.360560,0.1,Under way using engine
2026-08-21T13:50:29Z,219000809,54.917335,11.417610,9.2,Under way using engine
2026-08-21T13:50:39Z,219000811,54.883658,11.464912,8.6,Under way using engine
2026-08-21T13:51:00Z,219000809,54.916513,11.415843,9.0,Under way using engine
2026-08-21T13:51:04Z,219002177,54.916337,11.360565,0.2,Under way using engine
2026-08-21T13:51:09Z,219000811,54.882895,11.466553,8.5,Under way using engine
2026-08-21T13:51:35Z,219002177,54.916335,11.360642,0.4,Under way using engine
2026-08-21T13:51:39Z,219000811,54.882180,11.468102,8.5,Under way using engine
2026-08-21T13:51:40Z,219000809,54.915487,11.413558,9.1,Under way using engine
2026-08-21T13:52:09Z,219000811,54.881472,11.469940,8.6,Under way using engine
2026-08-21T13:52:11Z,219000809,54.914718,11.411875,9.1,Under way using engine
2026-08-21T13:52:15Z,219002177,54.916332,11.360652,0.2,Under way using engine
2026-08-21T13:52:39Z,219000811,54.880990,11.471713,8.6,Under way using engine
2026-08-21T13:52:49Z,219000809,54.913712,11.409632,9.0,Under way using engine
2026-08-21T13:52:54Z,219002177,54.916343,11.360628,0.2,Under way using engine
2026-08-21T13:53:09Z,219000811,54.881053,11.473683,8.2,Under way using engine
2026-08-21T13:53:19Z,219000809,54.912927,11.408012,9.1,Under way using engine
2026-08-21T13:53:25Z,219002177,54.916267,11.361067,2.5,Under way using engine
2026-08-21T13:53:39Z,219000811,54.881132,11.475673,8.3,Under way using engine
2026-08-21T13:53:49Z,219000809,54.912140,11.406203,9.0,Under way using engine
2026-08-21T13:54:04Z,219002177,54.916233,11.362287,4.5,Under way using engine
2026-08-21T13:54:09Z,219000811,54.881245,11.477692,8.2,Under way using engine
2026-08-21T13:54:19Z,219000809,54.911372,11.404525,9.1,Under way using engine
2026-08-21T13:54:35Z,219002177,54.916243,11.363518,5.4,Under way using engine
2026-08-21T13:54:39Z,219000811,54.881493,11.479693,8.2,Under way using engine
2026-08-21T13:54:49Z,219000809,54.910612,11.402728,9.1,Under way using engine
2026-08-21T13:55:09Z,219000811,54.881910,11.481403,7.8,Under way using engine
2026-08-21T13:55:15Z,219002177,54.916353,11.365425,6.1,Under way using engine
2026-08-21T13:55:19Z,219000809,54.909877,11.401015,9.2,Under way using engine
2026-08-21T13:55:39Z,219000811,54.882535,11.482482,6.4,Under way using engine
2026-08-21T13:55:49Z,219000809,54.909092,11.399322,9.2,Under way using engine
2026-08-21T13:55:54Z,219002177,54.916505,11.367333,6.4,Under way using engine
2026-08-21T13:56:09Z,219000811,54.883165,11.483085,5.1,Under way using engine
2026-08-21T13:56:19Z,219000809,54.908320,11.397515,9.2,Under way using engine
2026-08-21T13:56:24Z,219002177,54.916685,11.368928,6.6,Under way using engine
2026-08-21T13:56:39Z,219000811,54.883785,11.483282,4.6,Under way using engine
2026-08-21T13:56:49Z,219000809,54.907910,11.395447,9.0,Under way using engine
2026-08-21T13:56:54Z,219002177,54.916837,11.370465,6.7,Under way using engine
2026-08-21T13:57:09Z,219000811,54.884162,11.483302,2.5,Under way using engine
2026-08-21T13:57:19Z,219000809,54.908143,11.393390,8.7,Under way using engine
2026-08-21T13:57:24Z,219002177,54.917292,11.371518,4.9,Under way using engine
2026-08-21T13:57:39Z,219000811,54.884287,11.483282,0.9,Under way using engine
2026-08-21T13:57:49Z,219000809,54.909023,11.391890,9.1,Under way using engine
2026-08-21T13:57:54Z,219002177,54.917947,11.371667,5.2,Under way using engine
2026-08-21T13:58:09Z,219000811,54.884325,11.483277,0.2,Under way using engine
2026-08-21T13:58:19Z,219000809,54.910012,11.390470,9.3,Under way using engine
2026-08-21T13:58:25Z,219002177,54.918748,11.371817,5.8,Under way using engine
2026-08-21T13:58:39Z,219000811,54.884327,11.483277,0.0,Under way using engine
2026-08-21T13:58:49Z,219000809,54.911003,11.389042,9.3,Under way using engine
2026-08-21T13:59:03Z,219002177,54.919847,11.371978,6.2,Under way using engine
2026-08-21T13:59:09Z,219000811,54.884328,11.483278,0.0,Under way using engine
2026-08-21T13:59:19Z,219000809,54.911985,11.387585,9.4,Under way using engine
2026-08-21T13:59:34Z,219002177,54.920722,11.372135,6.5,Under way using engine
2026-08-21T13:59:39Z,219000811,54.884327,11.483278,0.0,Under way using engine
2026-08-21T13:59:49Z,219000809,54.912983,11.386155,9.3,Under way using engine
2026-08-21T14:00:09Z,219000811,54.884323,11.483277,0.0,Under way using engine
2026-08-21T14:00:15Z,219002177,54.921970,11.372352,6.6,Under way using engine
2026-08-21T14:00:19Z,219000809,54.913925,11.384658,9.1,Under way using engine
2026-08-21T14:00:39Z,219000811,54.884322,11.483272,0.0,Under way using engine
2026-08-21T14:00:45Z,219002177,54.922895,11.372283,6.5,Under way using engine
2026-08-21T14:00:53Z,219000809,54.914763,11.382627,9.2,Under way using engine
2026-08-21T14:01:09Z,219000811,54.884320,11.483265,0.0,Under way using engine
2026-08-21T14:01:15Z,219002177,54.923770,11.372197,6.5,Under way using engine
2026-08-21T14:01:23Z,219000809,54.915343,11.380595,9.2,Under way using engine
2026-08-21T14:01:39Z,219000811,54.884320,11.483262,0.0,Under way using engine
2026-08-21T14:01:54Z,219002177,54.924948,11.372102,6.6,Under way using engine
2026-08-21T14:02:00Z,219000809,54.915950,11.378127,9.2,Under way using engine
2026-08-21T14:02:09Z,219000811,54.884318,11.483262,0.0,Under way using engine
2026-08-21T14:02:25Z,219002177,54.925913,11.372037,6.7,Under way using engine
2026-08-21T14:02:39Z,219000811,54.884317,11.483263,0.0,Under way using engine
2026-08-21T14:02:40Z,219000809,54.916552,11.375398,9.0,Under way using engine
2026-08-21T14:03:05Z,219002177,54.927198,11.371905,6.9,Under way using engine
2026-08-21T14:03:09Z,219000811,54.884315,11.483267,0.0,Under way using engine
2026-08-21T14:03:10Z,219000809,54.916815,11.373568,8.7,Under way using engine
2026-08-21T14:03:35Z,219002177,54.928170,11.371790,7.0,Under way using engine
2026-08-21T14:03:39Z,219000811,54.884317,11.483268,0.0,Under way using engine
2026-08-21T14:03:40Z,219000809,54.916872,11.371227,8.8,Under way using engine
2026-08-21T14:04:05Z,219002177,54.929153,11.371668,7.1,Under way using engine
2026-08-21T14:04:09Z,219000811,54.884317,11.483270,0.0,Under way using engine
2026-08-21T14:04:10Z,219000809,54.916720,11.369020,9.0,Under way using engine
2026-08-21T14:04:35Z,219002177,54.930147,11.371535,7.2,Under way using engine
2026-08-21T14:04:39Z,219000811,54.884318,11.483272,0.0,Under way using engine
2026-08-21T14:04:40Z,219000809,54.916585,11.366932,8.9,Under way using engine
2026-08-21T14:05:05Z,219002177,54.931140,11.371380,7.2,Under way using engine
2026-08-21T14:05:09Z,219000811,54.884318,11.483277,0.0,Under way using engine
2026-08-21T14:05:10Z,219000809,54.916442,11.364777,8.5,Under way using engine
2026-08-21T14:05:35Z,219002177,54.932133,11.371237,7.2,Under way using engine
2026-08-21T14:05:39Z,219000811,54.884318,11.483282,0.0,Under way using engine
2026-08-21T14:05:40Z,219000809,54.916320,11.362998,7.4,Under way using engine
2026-08-21T14:06:05Z,219002177,54.933130,11.371127,7.1,Under way using engine
2026-08-21T14:06:09Z,219000811,54.884320,11.483285,0.0,Under way using engine
2026-08-21T14:06:10Z,219000809,54.916197,11.361392,6.1,Under way using engine
2026-08-21T14:06:35Z,219002177,54.934102,11.371103,6.9,Under way using engine
2026-08-21T14:06:39Z,219000811,54.884322,11.483287,0.0,Under way using engine
2026-08-21T14:06:40Z,219000809,54.916025,11.360710,1.3,Under way using engine
2026-08-21T14:07:09Z,219000811,54.884323,11.483285,0.0,Under way using engine
2026-08-21T14:07:10Z,219000809,54.916055,11.360712,0.4,Under way using engine
2026-08-21T14:07:15Z,219002177,54.935257,11.371478,5.6,Under way using engine
2026-08-21T14:07:39Z,219000811,54.884322,11.483285,0.0,Under way using engine
2026-08-21T14:07:43Z,219000809,54.916045,11.360538,1.3,Under way using engine
2026-08-21T14:07:54Z,219002177,54.935782,11.371817,1.7,Under way using engine
2026-08-21T14:08:09Z,219000811,54.884292,11.483292,0.2,Under way using engine
2026-08-21T14:08:13Z,219000809,54.916010,11.360287,0.8,Under way using engine
2026-08-21T14:08:35Z,219002177,54.935957,11.371973,0.8,Under way using engine
2026-08-21T14:08:40Z,219000811,54.883890,11.483362,2.9,Under way using engine
2026-08-21T14:08:43Z,219000809,54.916033,11.360128,0.6,Under way using engine
2026-08-21T14:09:12Z,219000811,54.883392,11.483593,3.3,Under way using engine
2026-08-21T14:09:15Z,219002177,54.935978,11.372012,0.0,Under way using engine
2026-08-21T14:09:20Z,219000809,54.916063,11.360042,0.1,Under way using engine
2026-08-21T14:09:43Z,219000811,54.883147,11.483717,1.9,Under way using engine
2026-08-21T14:09:45Z,219002177,54.935948,11.371975,0.0,Under way using engine
2026-08-21T14:09:50Z,219000809,54.916063,11.360022,0.0,Under way using engine
2026-08-21T14:10:13Z,219000811,54.882668,11.483143,4.2,Under way using engine
2026-08-21T14:10:15Z,219002177,54.935935,11.372000,0.0,Under way using engine
2026-08-21T14:10:20Z,219000809,54.916068,11.360017,0.0,Under way using engine
2026-08-21T14:10:43Z,219000811,54.882100,11.482068,6.2,Under way using engine
2026-08-21T14:10:45Z,219002177,54.935957,11.372007,0.0,Under way using engine
2026-08-21T14:10:50Z,219000809,54.916067,11.360028,0.0,Under way using engine
2026-08-21T14:11:13Z,219000811,54.881595,11.480570,7.3,Under way using engine
2026-08-21T14:11:15Z,219002177,54.935958,11.372012,0.0,Under way using engine
2026-08-21T14:11:20Z,219000809,54.916067,11.360027,0.1,Under way using engine
2026-08-21T14:11:45Z,219002177,54.935965,11.372038,0.0,Under way using engine
2026-08-21T14:11:46Z,219000811,54.881473,11.478557,7.5,Under way using engine
2026-08-21T14:11:50Z,219000809,54.916073,11.360052,0.0,Under way using engine
2026-08-21T14:12:19Z,219000811,54.881495,11.476563,7.8,Under way using engine
2026-08-21T14:12:20Z,219000809,54.916070,11.360032,0.0,Under way using engine
2026-08-21T14:12:25Z,219002177,54.935953,11.372005,0.0,Under way using engine
2026-08-21T14:12:49Z,219000811,54.881503,11.474653,7.7,Under way using engine
2026-08-21T14:12:50Z,219000809,54.916062,11.360032,0.0,Under way using engine
2026-08-21T14:13:03Z,219002177,54.935960,11.372040,0.0,Under way using engine
2026-08-21T14:13:19Z,219000811,54.881620,11.472710,7.9,Under way using engine
2026-08-21T14:13:20Z,219000809,54.916070,11.360013,0.0,Under way using engine
2026-08-21T14:13:33Z,219002177,54.935942,11.371992,0.4,Under way using engine
2026-08-21T14:13:49Z,219000811,54.881763,11.470895,7.7,Under way using engine
2026-08-21T14:13:50Z,219000809,54.916075,11.360028,0.0,Under way using engine
2026-08-21T14:14:03Z,219002177,54.935777,11.371880,2.0,Under way using engine
2026-08-21T14:14:19Z,219000811,54.882162,11.469220,7.8,Under way using engine
2026-08-21T14:14:20Z,219000809,54.916085,11.360027,0.1,Under way using engine
2026-08-21T14:14:33Z,219002177,54.935377,11.371530,3.6,Under way using engine
2026-08-21T14:14:49Z,219000811,54.882753,11.467557,7.9,Under way using engine
2026-08-21T14:14:50Z,219000809,54.916083,11.360050,0.1,Under way using engine
2026-08-21T14:15:03Z,219002177,54.934850,11.371188,4.3,Under way using engine
2026-08-21T14:15:19Z,219000811,54.883402,11.465955,8.2,Under way using engine
2026-08-21T14:15:30Z,219000809,54.916060,11.360027,0.0,Under way using engine
2026-08-21T14:15:33Z,219002177,54.934172,11.371273,5.2,Under way using engine
2026-08-21T14:15:49Z,219000811,54.884108,11.464283,8.5,Under way using engine
2026-08-21T14:16:03Z,219002177,54.933407,11.371348,5.6,Under way using engine
2026-08-21T14:16:09Z,219000809,54.916068,11.360035,0.0,Under way using engine
2026-08-21T14:16:19Z,219000811,54.884815,11.462640,8.6,Under way using engine
2026-08-21T14:16:33Z,219002177,54.932578,11.371410,6.0,Under way using engine
2026-08-21T14:16:39Z,219000809,54.916078,11.360067,0.0,Under way using engine
2026-08-21T14:16:49Z,219000811,54.885530,11.460965,8.4,Under way using engine
2026-08-21T14:17:03Z,219002177,54.931728,11.371522,6.2,Under way using engine
2026-08-21T14:17:09Z,219000809,54.916083,11.360057,0.1,Under way using engine
2026-08-21T14:17:20Z,219000811,54.886273,11.459252,8.7,Under way using engine
2026-08-21T14:17:34Z,219002177,54.930838,11.371657,6.3,Under way using engine
2026-08-21T14:17:39Z,219000809,54.916083,11.360057,0.1,Under way using engine
2026-08-21T14:17:50Z,219000811,54.886987,11.457600,8.6,Under way using engine
2026-08-21T14:18:04Z,219002177,54.929963,11.371765,6.4,Under way using engine
2026-08-21T14:18:09Z,219000809,54.916063,11.360020,0.0,Under way using engine
2026-08-21T14:18:20Z,219000811,54.887690,11.455980,8.4,Under way using engine
2026-08-21T14:18:34Z,219002177,54.929073,11.371898,6.4,Under way using engine
2026-08-21T14:18:39Z,219000809,54.916055,11.360045,0.0,Under way using engine
2026-08-21T14:18:50Z,219000811,54.888370,11.454388,8.3,Under way using engine
2026-08-21T14:19:04Z,219002177,54.928177,11.372030,6.5,Under way using engine
2026-08-21T14:19:09Z,219000809,54.916070,11.360055,0.0,Under way using engine
2026-08-21T14:19:20Z,219000811,54.889035,11.452768,8.3,Under way using engine
2026-08-21T14:19:34Z,219002177,54.927282,11.372177,6.6,Under way using engine
2026-08-21T14:19:39Z,219000809,54.916083,11.360067,0.0,Under way using engine
2026-08-21T14:19:50Z,219000811,54.889672,11.451048,8.3,Under way using engine
2026-08-21T14:20:04Z,219002177,54.926365,11.372340,6.7,Under way using engine
2026-08-21T14:20:09Z,219000809,54.916095,11.360053,0.0,Under way using engine
2026-08-21T14:20:20Z,219000811,54.890275,11.449362,8.3,Under way using engine
2026-08-21T14:20:34Z,219002177,54.925433,11.372508,6.8,Under way using engine
2026-08-21T14:20:39Z,219000809,54.916070,11.360338,2.2,Under way using engine
2026-08-21T14:20:50Z,219000811,54.890883,11.447595,8.3,Under way using engine
2026-08-21T14:21:04Z,219002177,54.924495,11.372678,6.9,Under way using engine
2026-08-21T14:21:09Z,219000809,54.916053,11.361217,4.5,Under way using engine
2026-08-21T14:21:20Z,219000811,54.891447,11.445952,8.4,Under way using engine
2026-08-21T14:21:34Z,219002177,54.923543,11.372860,6.9,Under way using engine
2026-08-21T14:21:39Z,219000809,54.916183,11.362663,6.7,Under way using engine
2026-08-21T14:21:50Z,219000811,54.892067,11.444172,8.4,Under way using engine
2026-08-21T14:22:04Z,219002177,54.922597,11.373002,6.9,Under way using engine
2026-08-21T14:22:10Z,219000809,54.916353,11.364592,8.5,Under way using engine
2026-08-21T14:22:20Z,219000811,54.892663,11.442455,8.4,Under way using engine
2026-08-21T14:22:34Z,219002177,54.921667,11.372905,6.7,Under way using engine
2026-08-21T14:22:40Z,219000809,54.916507,11.366742,9.1,Under way using engine
2026-08-21T14:22:50Z,219000811,54.893268,11.440675,8.4,Under way using engine
2026-08-21T14:23:04Z,219002177,54.920748,11.372688,6.6,Under way using engine
2026-08-21T14:23:10Z,219000809,54.916668,11.368957,9.4,Under way using engine
2026-08-21T14:23:20Z,219000811,54.893835,11.438978,8.5,Under way using engine
2026-08-21T14:23:35Z,219002177,54.919840,11.372422,6.7,Under way using engine
2026-08-21T14:23:40Z,219000809,54.916622,11.371217,9.3,Under way using engine
2026-08-21T14:23:50Z,219000811,54.894442,11.437147,8.6,Under way using engine
2026-08-21T14:24:10Z,219000809,54.916198,11.373273,9.3,Under way using engine
2026-08-21T14:24:15Z,219002177,54.918592,11.372057,6.7,Under way using engine
2026-08-21T14:24:24Z,219000811,54.895027,11.435377,8.7,Under way using engine
2026-08-21T14:24:40Z,219000809,54.915537,11.375298,9.9,Under way using engine
2026-08-21T14:24:59Z,219000811,54.895827,11.432857,8.8,Under way using engine
2026-08-21T14:25:04Z,219002177,54.917143,11.371555,6.3,Under way using engine
2026-08-21T14:25:10Z,219000809,54.914820,11.377368,10.0,Under way using engine
2026-08-21T14:25:29Z,219000811,54.896408,11.431000,8.9,Under way using engine
2026-08-21T14:25:35Z,219002177,54.916757,11.370693,4.5,Under way using engine
2026-08-21T14:25:40Z,219000809,54.914122,11.379433,10.0,Under way using engine
2026-08-21T14:25:59Z,219000811,54.896998,11.429160,8.9,Under way using engine
2026-08-21T14:26:15Z,219002177,54.916652,11.368773,6.3,Under way using engine
2026-08-21T14:26:19Z,219000809,54.913178,11.382075,9.8,Under way using engine
2026-08-21T14:26:29Z,219000811,54.897620,11.427268,8.9,Under way using engine
2026-08-21T14:26:50Z,219000809,54.912457,11.384117,9.7,Under way using engine
2026-08-21T14:26:59Z,219000811,54.898227,11.425443,8.9,Under way using engine
2026-08-21T14:27:04Z,219002177,54.916455,11.366093,7.0,Under way using engine
2026-08-21T14:27:29Z,219000809,54.911573,11.386763,9.7,Under way using engine
2026-08-21T14:27:29Z,219000811,54.898838,11.423618,8.9,Under way using engine
2026-08-21T14:27:35Z,219002177,54.916348,11.364392,7.1,Under way using engine
2026-08-21T14:27:59Z,219000811,54.899457,11.421737,8.8,Under way using engine
2026-08-21T14:28:00Z,219000809,54.910875,11.388848,9.7,Under way using engine
2026-08-21T14:28:15Z,219002177,54.916335,11.362282,5.7,Under way using engine
2026-08-21T14:28:29Z,219000811,54.900005,11.419865,8.8,Under way using engine
2026-08-21T14:28:39Z,219000809,54.909977,11.391453,9.8,Under way using engine
2026-08-21T14:28:55Z,219002177,54.916347,11.360958,2.5,Under way using engine
2026-08-21T14:28:59Z,219000811,54.900552,11.417980,8.8,Under way using engine
2026-08-21T14:29:09Z,219000809,54.909263,11.393455,9.8,Under way using engine
2026-08-21T14:29:29Z,219000811,54.901068,11.416160,8.8,Under way using engine
2026-08-21T14:29:35Z,219002177,54.916355,11.360615,0.8,Under way using engine
2026-08-21T14:29:39Z,219000809,54.908643,11.395492,9.5,Under way using engine
2026-08-21T14:29:59Z,219000811,54.901628,11.414222,8.8,Under way using engine
2026-08-21T14:30:09Z,219000809,54.908408,11.397763,9.9,Under way using engine
2026-08-21T14:30:15Z,219002177,54.916350,11.360547,0.0,Under way using engine
2026-08-21T14:30:29Z,219000811,54.902200,11.412368,8.8,Under way using engine
2026-08-21T14:30:39Z,219000809,54.908512,11.400145,9.8,Under way using engine
2026-08-21T14:30:45Z,219002177,54.916348,11.360540,0.0,Under way using engine
2026-08-21T14:30:59Z,219000811,54.902800,11.410450,8.8,Under way using engine
2026-08-21T14:31:09Z,219000809,54.908997,11.402262,9.5,Under way using engine
2026-08-21T14:31:15Z,219002177,54.916348,11.360533,0.0,Under way using engine
2026-08-21T14:31:29Z,219000811,54.903377,11.408627,8.7,Under way using engine
2026-08-21T14:31:39Z,219000809,54.909738,11.404222,9.7,Under way using engine
2026-08-21T14:31:45Z,219002177,54.916348,11.360532,0.0,Under way using engine
2026-08-21T14:31:59Z,219000811,54.903973,11.406827,8.7,Under way using engine
2026-08-21T14:32:10Z,219000809,54.910543,11.406182,9.8,Under way using engine
2026-08-21T14:32:24Z,219002177,54.916348,11.360520,0.0,Under way using engine
2026-08-21T14:32:40Z,219000811,54.904850,11.404402,8.6,Under way using engine
2026-08-21T14:32:49Z,219000809,54.911610,11.408575,9.7,Under way using engine
2026-08-21T14:32:54Z,219002177,54.916345,11.360522,0.0,Under way using engine
2026-08-21T14:33:19Z,219000809,54.912443,11.410482,9.7,Under way using engine
2026-08-21T14:33:19Z,219000811,54.905692,11.402135,8.6,Under way using engine
2026-08-21T14:33:24Z,219002177,54.916350,11.360525,0.0,Under way using engine
2026-08-21T14:33:49Z,219000809,54.913237,11.412270,9.6,Under way using engine
2026-08-21T14:33:50Z,219000811,54.906362,11.400352,8.6,Under way using engine
2026-08-21T14:33:54Z,219002177,54.916348,11.360538,0.0,Under way using engine
2026-08-21T14:34:19Z,219000809,54.914078,11.414177,9.6,Under way using engine
2026-08-21T14:34:24Z,219002177,54.916352,11.360530,0.0,Under way using engine
2026-08-21T14:34:28Z,219000811,54.907203,11.398115,8.6,Under way using engine
2026-08-21T14:34:49Z,219000809,54.914853,11.415927,9.5,Under way using engine
2026-08-21T14:34:54Z,219002177,54.916342,11.360528,0.0,Under way using engine
2026-08-21T14:34:59Z,219000811,54.907875,11.396337,8.6,Under way using engine
2026-08-21T14:35:19Z,219000809,54.915722,11.417712,9.5,Under way using engine
2026-08-21T14:35:24Z,219002177,54.916363,11.360548,0.0,Under way using engine
2026-08-21T14:35:40Z,219000811,54.908742,11.393997,8.4,Under way using engine
2026-08-21T14:35:49Z,219000809,54.916553,11.419370,9.5,Under way using engine
2026-08-21T14:35:54Z,219002177,54.916355,11.360572,0.4,Under way using engine
2026-08-21T14:36:10Z,219000811,54.909350,11.392352,8.5,Under way using engine
2026-08-21T14:36:30Z,219000809,54.917725,11.421767,9.6,Under way using engine
2026-08-21T14:36:34Z,219002177,54.916270,11.361317,3.7,Under way using engine
2026-08-21T14:36:40Z,219000811,54.909987,11.390585,8.5,Under way using engine
2026-08-21T14:37:00Z,219000809,54.918592,11.423535,9.5,Under way using engine
2026-08-21T14:37:04Z,219002177,54.916262,11.362443,5.1,Under way using engine
2026-08-21T14:37:10Z,219000811,54.910617,11.388880,8.5,Under way using engine
2026-08-21T14:37:30Z,219000809,54.919452,11.425267,9.6,Under way using engine
2026-08-21T14:37:34Z,219002177,54.916327,11.363800,5.9,Under way using engine
2026-08-21T14:37:40Z,219000811,54.911265,11.387100,8.5,Under way using engine
2026-08-21T14:38:00Z,219000809,54.920315,11.426997,9.6,Under way using engine
2026-08-21T14:38:04Z,219002177,54.916398,11.365323,6.5,Under way using engine
2026-08-21T14:38:10Z,219000811,54.911895,11.385370,8.5,Under way using engine
2026-08-21T14:38:30Z,219000809,54.921180,11.428732,9.5,Under way using engine
2026-08-21T14:38:34Z,219002177,54.916483,11.366945,6.9,Under way using engine
2026-08-21T14:38:40Z,219000811,54.912545,11.383580,8.6,Under way using engine
2026-08-21T14:39:00Z,219000809,54.922050,11.430455,9.5,Under way using engine
2026-08-21T14:39:04Z,219002177,54.916580,11.368668,7.1,Under way using engine
2026-08-21T14:39:10Z,219000811,54.913162,11.381897,8.6,Under way using engine
2026-08-21T14:39:30Z,219000809,54.922910,11.432198,9.4,Under way using engine
2026-08-21T14:39:34Z,219002177,54.916703,11.370318,7.0,Under way using engine
2026-08-21T14:39:40Z,219000811,54.913788,11.380167,8.6,Under way using engine
2026-08-21T14:40:00Z,219000809,54.923775,11.433907,9.5,Under way using engine
2026-08-21T14:40:04Z,219002177,54.917240,11.371343,5.2,Under way using engine
2026-08-21T14:40:10Z,219000811,54.914420,11.378378,8.5,Under way using engine
2026-08-21T14:40:30Z,219000809,54.924648,11.435618,9.5,Under way using engine
2026-08-21T14:40:34Z,219002177,54.917965,11.371478,5.7,Under way using engine
2026-08-21T14:40:40Z,219000811,54.915015,11.376640,8.4,Under way using engine
2026-08-21T14:41:00Z,219000809,54.925523,11.437313,9.5,Under way using engine
2026-08-21T14:41:04Z,219002177,54.918830,11.371620,6.2,Under way using engine
2026-08-21T14:41:10Z,219000811,54.915597,11.374820,8.4,Under way using engine
2026-08-21T14:41:30Z,219000809,54.926390,11.439037,9.5,Under way using engine
2026-08-21T14:41:34Z,219002177,54.919707,11.371783,6.5,Under way using engine
2026-08-21T14:41:40Z,219000811,54.916060,11.373080,8.3,Under way using engine
2026-08-21T14:42:00Z,219000809,54.927255,11.440773,9.5,Under way using engine
2026-08-21T14:42:04Z,219002177,54.920625,11.371948,6.7,Under way using engine
2026-08-21T14:42:10Z,219000811,54.916443,11.371173,8.2,Under way using engine
2026-08-21T14:42:30Z,219000809,54.928117,11.442493,9.4,Under way using engine
2026-08-21T14:42:34Z,219002177,54.921553,11.372120,6.9,Under way using engine
2026-08-21T14:42:43Z,219000811,54.916595,11.369017,8.3,Under way using engine
2026-08-21T14:43:00Z,219000809,54.929017,11.444227,9.4,Under way using engine
2026-08-21T14:43:04Z,219002177,54.922525,11.372305,7.0,Under way using engine
2026-08-21T14:43:16Z,219000811,54.916555,11.366767,8.5,Under way using engine
2026-08-21T14:43:30Z,219000809,54.929828,11.445850,9.1,Under way using engine
2026-08-21T14:43:34Z,219002177,54.923493,11.372513,7.1,Under way using engine
2026-08-21T14:43:49Z,219000811,54.916440,11.364453,8.5,Under way using engine
2026-08-21T14:44:00Z,219000809,54.930658,11.447500,9.3,Under way using engine
2026-08-21T14:44:04Z,219002177,54.924492,11.372718,7.2,Under way using engine
2026-08-21T14:44:20Z,219000811,54.916352,11.362662,7.4,Under way using engine
2026-08-21T14:44:30Z,219000809,54.931525,11.449207,9.4,Under way using engine
2026-08-21T14:44:34Z,219002177,54.925475,11.372940,7.2,Under way using engine
2026-08-21T14:44:56Z,219000811,54.916227,11.360995,5.6,Under way using engine
2026-08-21T14:45:00Z,219000809,54.932392,11.450913,9.4,Under way using engine
2026-08-21T14:45:04Z,219002177,54.926462,11.373142,7.2,Under way using engine
2026-08-21T14:45:26Z,219000811,54.915933,11.360552,2.6,Under way using engine
2026-08-21T14:45:36Z,219000809,54.933410,11.453037,9.3,Under way using engine
2026-08-21T14:45:45Z,219002177,54.927760,11.373073,7.1,Under way using engine
2026-08-21T14:45:56Z,219000811,54.915933,11.360623,0.5,Under way using engine
2026-08-21T14:46:06Z,219000809,54.934037,11.454977,9.3,Under way using engine
2026-08-21T14:46:15Z,219002177,54.928805,11.372988,7.2,Under way using engine
2026-08-21T14:46:26Z,219000811,54.915990,11.360318,1.4,Under way using engine
2026-08-21T14:46:40Z,219000809,54.934725,11.457162,9.3,Under way using engine
2026-08-21T14:46:45Z,219002177,54.929765,11.372722,7.3,Under way using engine
2026-08-21T14:47:10Z,219000811,54.916065,11.359997,0.5,Under way using engine
2026-08-21T14:47:15Z,219002177,54.930810,11.372413,7.4,Under way using engine
2026-08-21T14:47:20Z,219000809,54.935472,11.459828,9.3,Under way using engine
2026-08-21T14:47:45Z,219002177,54.931785,11.372137,7.4,Under way using engine
2026-08-21T14:47:49Z,219000811,54.916077,11.359972,0.0,Under way using engine
2026-08-21T14:48:00Z,219000809,54.936255,11.462545,9.2,Under way using engine
2026-08-21T14:48:20Z,219000811,54.916078,11.359973,0.0,Under way using engine
2026-08-21T14:48:24Z,219002177,54.933125,11.371720,7.3,Under way using engine
2026-08-21T14:48:49Z,219000809,54.937212,11.465728,9.1,Under way using engine
2026-08-21T14:48:54Z,219002177,54.934050,11.371565,6.8,Under way using engine
2026-08-21T14:49:00Z,219000811,54.916078,11.359975,0.0,Under way using engine
2026-08-21T14:49:19Z,219000809,54.937750,11.467680,8.9,Under way using engine
2026-08-21T14:49:24Z,219002177,54.934983,11.371543,6.2,Under way using engine
2026-08-21T14:49:39Z,219000811,54.916077,11.359975,0.0,Under way using engine
2026-08-21T14:49:49Z,219000809,54.938317,11.469593,8.9,Under way using engine
2026-08-21T14:49:54Z,219002177,54.935610,11.371690,3.5,Under way using engine
2026-08-21T14:50:10Z,219000811,54.916075,11.359975,0.0,Under way using engine
2026-08-21T14:50:19Z,219000809,54.938825,11.471553,8.9,Under way using engine
2026-08-21T14:50:25Z,219002177,54.935852,11.371877,1.3,Under way using engine
2026-08-21T14:50:49Z,219000809,54.939408,11.473430,8.8,Under way using engine
2026-08-21T14:51:04Z,219002177,54.935967,11.371992,0.1,Under way using engine
2026-08-21T14:51:10Z,219000811,54.916075,11.359973,0.0,Under way using engine
2026-08-21T14:51:19Z,219000809,54.939980,11.475250,8.5,Under way using engine
2026-08-21T14:51:43Z,219002177,54.935968,11.371997,0.0,Under way using engine
2026-08-21T14:51:49Z,219000809,54.940815,11.476715,8.5,Under way using engine
2026-08-21T14:51:50Z,219000811,54.916077,11.359972,0.0,Under way using engine
2026-08-21T14:52:14Z,219002177,54.935970,11.371997,0.0,Under way using engine
2026-08-21T14:52:19Z,219000809,54.941673,11.478242,8.9,Under way using engine
2026-08-21T14:52:20Z,219000811,54.916075,11.359970,0.0,Under way using engine
2026-08-21T14:52:49Z,219000809,54.942522,11.479790,9.0,Under way using engine
2026-08-21T14:52:50Z,219000811,54.916073,11.359970,0.0,Under way using engine
2026-08-21T14:52:53Z,219002177,54.935973,11.371998,0.0,Under way using engine
2026-08-21T14:53:19Z,219000809,54.943395,11.481388,9.2,Under way using engine
2026-08-21T14:53:25Z,219002177,54.935963,11.371975,0.2,Under way using engine
2026-08-21T14:53:29Z,219000811,54.916078,11.359970,0.0,Under way using engine
2026-08-21T14:53:49Z,219000809,54.944452,11.482368,8.7,Under way using engine
2026-08-21T14:53:59Z,219000811,54.916078,11.359973,0.0,Under way using engine
2026-08-21T14:54:04Z,219002177,54.935592,11.371708,3.3,Under way using engine
2026-08-21T14:54:19Z,219000809,54.945625,11.482905,9.2,Under way using engine
2026-08-21T14:54:30Z,219000811,54.916077,11.359975,0.0,Under way using engine
2026-08-21T14:54:34Z,219002177,54.935035,11.371290,4.8,Under way using engine
2026-08-21T14:54:50Z,219000809,54.946903,11.483550,9.2,Under way using engine
2026-08-21T14:55:04Z,219002177,54.934323,11.371140,5.4,Under way using engine
2026-08-21T14:55:08Z,219000811,54.916075,11.359977,0.0,Under way using engine
2026-08-21T14:55:31Z,219000809,54.948597,11.484422,9.4,Under way using engine
2026-08-21T14:55:34Z,219002177,54.933488,11.371252,6.3,Under way using engine
2026-08-21T14:55:39Z,219000811,54.916073,11.359987,0.0,Under way using engine
2026-08-21T14:56:04Z,219002177,54.932582,11.371292,6.6,Under way using engine
2026-08-21T14:56:09Z,219000809,54.950175,11.485257,9.4,Under way using engine
2026-08-21T14:56:19Z,219000811,54.916057,11.360268,1.1,Under way using engine
2026-08-21T14:56:34Z,219002177,54.931630,11.371370,6.9,Under way using engine
2026-08-21T14:56:39Z,219000809,54.951418,11.485928,9.3,Under way using engine
2026-08-21T14:56:50Z,219000811,54.916103,11.361253,4.2,Under way using engine
2026-08-21T14:57:04Z,219002177,54.930658,11.371457,7.0,Under way using engine
2026-08-21T14:57:09Z,219000809,54.952675,11.486560,9.5,Under way using engine
2026-08-21T14:57:30Z,219000811,54.916273,11.363398,6.7,Under way using engine
2026-08-21T14:57:39Z,219000809,54.953938,11.487208,9.5,Under way using engine
2026-08-21T14:57:44Z,219002177,54.929353,11.371615,7.1,Under way using engine
2026-08-21T14:58:08Z,219000811,54.916425,11.365577,7.4,Under way using engine
2026-08-21T14:58:09Z,219000809,54.955193,11.487830,9.4,Under way using engine
2026-08-21T14:58:23Z,219002177,54.928057,11.371822,7.3,Under way using engine
2026-08-21T14:58:38Z,219000811,54.916412,11.367343,7.4,Under way using engine
2026-08-21T14:58:39Z,219000809,54.956413,11.488423,9.0,Under way using engine
2026-08-21T14:58:55Z,219002177,54.926973,11.372012,7.4,Under way using engine
2026-08-21T14:59:09Z,219000809,54.957630,11.489010,9.4,Under way using engine
2026-08-21T14:59:10Z,219000811,54.916068,11.369063,7.3,Under way using engine
2026-08-21T14:59:33Z,219002177,54.925675,11.372238,7.5,Under way using engine
2026-08-21T14:59:39Z,219000809,54.958895,11.489648,9.4,Under way using engine
2026-08-21T14:59:43Z,219000811,54.915442,11.370877,8.0,Under way using engine
2026-08-21T15:00:04Z,219002177,54.924607,11.372410,7.5,Under way using engine
2026-08-21T15:00:09Z,219000809,54.960133,11.490257,9.3,Under way using engine
2026-08-21T15:00:19Z,219000811,54.914675,11.373022,8.5,Under way using engine
2026-08-21T15:00:39Z,219000809,54.961385,11.490895,9.4,Under way using engine
2026-08-21T15:00:44Z,219002177,54.923205,11.372657,7.7,Under way using engine
2026-08-21T15:00:50Z,219000811,54.914027,11.374855,8.7,Under way using engine
2026-08-21T15:01:10Z,219000809,54.962662,11.491540,9.3,Under way using engine
2026-08-21T15:01:23Z,219002177,54.921853,11.372775,7.3,Under way using engine
2026-08-21T15:01:30Z,219000811,54.913135,11.377300,9.0,Under way using engine
2026-08-21T15:01:43Z,219000809,54.963823,11.492827,9.2,Under way using engine
2026-08-21T15:01:55Z,219002177,54.920795,11.372507,7.2,Under way using engine
2026-08-21T15:02:10Z,219000811,54.912248,11.379698,9.0,Under way using engine
2026-08-21T15:02:19Z,219000809,54.965102,11.494485,9.3,Under way using engine
2026-08-21T15:02:33Z,219002177,54.919538,11.372237,7.2,Under way using engine
2026-08-21T15:02:49Z,219000809,54.966117,11.495810,9.6,Under way using engine
2026-08-21T15:02:50Z,219000811,54.911397,11.382135,8.8,Under way using engine
2026-08-21T15:03:04Z,219002177,54.918490,11.372002,7.1,Under way using engine
2026-08-21T15:03:19Z,219000809,54.967207,11.497243,9.4,Under way using engine
2026-08-21T15:03:38Z,219000811,54.910375,11.385003,8.6,Under way using engine
2026-08-21T15:03:45Z,219002177,54.917222,11.371480,6.5,Under way using engine
2026-08-21T15:03:49Z,219000809,54.968225,11.498567,9.6,Under way using engine
2026-08-21T15:04:10Z,219000811,54.909710,11.386788,8.6,Under way using engine
2026-08-21T15:04:19Z,219000809,54.969342,11.499965,9.5,Under way using engine
2026-08-21T15:04:24Z,219002177,54.916828,11.370008,5.3,Under way using engine
2026-08-21T15:04:40Z,219000811,54.909022,11.388630,8.5,Under way using engine
2026-08-21T15:04:49Z,219000809,54.970362,11.501257,9.4,Under way using engine
2026-08-21T15:04:55Z,219002177,54.916740,11.368577,6.0,Under way using engine
2026-08-21T15:05:10Z,219000811,54.908417,11.390238,8.5,Under way using engine
2026-08-21T15:05:19Z,219000809,54.971412,11.502710,9.4,Under way using engine
2026-08-21T15:05:40Z,219000811,54.907733,11.392012,8.6,Under way using engine
2026-08-21T15:05:45Z,219002177,54.916515,11.366042,6.6,Under way using engine
2026-08-21T15:05:49Z,219000809,54.972142,11.504487,9.2,Under way using engine
2026-08-21T15:06:19Z,219000809,54.972258,11.506663,8.8,Under way using engine
2026-08-21T15:06:19Z,219000811,54.906875,11.394248,8.6,Under way using engine
2026-08-21T15:06:24Z,219002177,54.916355,11.363973,6.7,Under way using engine
2026-08-21T15:06:49Z,219000809,54.972132,11.508688,8.7,Under way using engine
2026-08-21T15:06:50Z,219000811,54.906305,11.396068,8.6,Under way using engine
2026-08-21T15:06:54Z,219002177,54.916340,11.362465,5.8,Under way using engine
2026-08-21T15:07:19Z,219000809,54.972035,11.510660,7.9,Under way using engine
2026-08-21T15:07:24Z,219002177,54.916355,11.361333,3.9,Under way using engine
2026-08-21T15:07:28Z,219000811,54.905615,11.398548,8.6,Under way using engine
2026-08-21T15:07:50Z,219000809,54.971920,11.512333,6.2,Under way using engine
2026-08-21T15:07:54Z,219002177,54.916363,11.360805,1.7,Under way using engine
2026-08-21T15:07:58Z,219000811,54.905093,11.400385,8.6,Under way using engine
2026-08-21T15:08:24Z,219002177,54.916353,11.360538,0.7,Under way using engine
2026-08-21T15:08:28Z,219000811,54.904597,11.402195,8.5,Under way using engine
2026-08-21T15:08:30Z,219000809,54.971898,11.513613,2.7,Under way using engine
2026-08-21T15:08:54Z,219002177,54.916350,11.360533,0.0,Under way using engine
2026-08-21T15:08:58Z,219000811,54.904082,11.404030,8.5,Under way using engine
2026-08-21T15:09:00Z,219000809,54.971877,11.514040,1.6,Under way using engine
2026-08-21T15:09:25Z,219002177,54.916352,11.360530,0.0,Under way using engine
2026-08-21T15:09:28Z,219000811,54.903542,11.405895,8.4,Under way using engine
2026-08-21T15:09:30Z,219000809,54.971890,11.514402,1.2,Under way using engine
2026-08-21T15:09:58Z,219000811,54.903003,11.407720,8.4,Under way using engine
2026-08-21T15:10:00Z,219000809,54.971903,11.514522,0.3,Under way using engine
2026-08-21T15:10:03Z,219002177,54.916360,11.360540,0.0,Under way using engine
2026-08-21T15:10:28Z,219000811,54.902478,11.409508,8.4,Under way using engine
2026-08-21T15:10:30Z,219000809,54.971900,11.514568,0.2,Under way using engine
2026-08-21T15:10:35Z,219002177,54.916348,11.360543,0.0,Under way using engine
2026-08-21T15:10:58Z,219000811,54.901963,11.411263,8.4,Under way using engine
2026-08-21T15:11:00Z,219000809,54.971905,11.514583,0.0,Under way using engine
2026-08-21T15:11:10Z,219002177,54.916355,11.360563,0.1,Under way using engine
2026-08-21T15:11:28Z,219000811,54.901447,11.413027,8.3,Under way using engine
2026-08-21T15:11:30Z,219000809,54.971907,11.514590,0.0,Under way using engine
2026-08-21T15:11:45Z,219002177,54.916358,11.360548,0.2,Under way using engine
2026-08-21T15:12:00Z,219000809,54.971907,11.514588,0.1,Under way using engine
2026-08-21T15:12:19Z,219000811,54.900570,11.416110,8.4,Under way using engine
2026-08-21T15:12:25Z,219002177,54.916350,11.360648,1.1,Under way using engine
2026-08-21T15:12:40Z,219000809,54.971897,11.514582,0.0,Under way using engine
2026-08-21T15:12:49Z,219000811,54.900048,11.417948,8.5,Under way using engine
2026-08-21T15:13:03Z,219002177,54.916300,11.361702,4.4,Under way using engine
2026-08-21T15:13:19Z,219000809,54.971905,11.514598,0.0,Under way using engine
2026-08-21T15:13:19Z,219000811,54.899533,11.419795,8.6,Under way using engine
2026-08-21T15:13:34Z,219002177,54.916318,11.362958,5.6,Under way using engine
2026-08-21T15:13:49Z,219000809,54.971897,11.514583,0.0,Under way using engine
2026-08-21T15:13:49Z,219000811,54.899005,11.421727,8.6,Under way using engine
2026-08-21T15:14:15Z,219002177,54.916437,11.365055,6.6,Under way using engine
2026-08-21T15:14:19Z,219000809,54.971902,11.514590,0.0,Under way using engine
2026-08-21T15:14:19Z,219000811,54.898503,11.423542,8.7,Under way using engine
2026-08-21T15:14:49Z,219000809,54.971907,11.514583,0.0,Under way using engine
2026-08-21T15:14:49Z,219000811,54.897938,11.425455,8.8,Under way using engine
2026-08-21T15:14:54Z,219002177,54.916585,11.367182,7.1,Under way using engine
2026-08-21T15:15:19Z,219000809,54.971903,11.514570,0.0,Under way using engine
2026-08-21T15:15:19Z,219000811,54.897372,11.427310,8.7,Under way using engine
2026-08-21T15:15:25Z,219002177,54.916725,11.368987,7.5,Under way using engine
2026-08-21T15:15:49Z,219000809,54.971918,11.514590,0.0,Under way using engine
2026-08-21T15:15:49Z,219000811,54.896797,11.429095,8.6,Under way using engine
2026-08-21T15:15:55Z,219002177,54.916913,11.370757,6.9,Under way using engine
2026-08-21T15:16:19Z,219000809,54.971897,11.514580,0.0,Under way using engine
2026-08-21T15:16:19Z,219000811,54.896205,11.430887,8.5,Under way using engine
2026-08-21T15:16:34Z,219002177,54.917757,11.371427,5.6,Under way using engine
2026-08-21T15:16:49Z,219000809,54.971902,11.514592,0.0,Under way using engine
2026-08-21T15:16:49Z,219000811,54.895625,11.432607,8.4,Under way using engine
2026-08-21T15:17:15Z,219002177,54.918950,11.371567,6.4,Under way using engine
2026-08-21T15:17:19Z,219000809,54.971908,11.514585,0.0,Under way using engine
2026-08-21T15:17:19Z,219000811,54.895002,11.434437,8.4,Under way using engine
2026-08-21T15:17:49Z,219000809,54.971905,11.514590,0.1,Under way using engine
2026-08-21T15:17:49Z,219000811,54.894433,11.436115,8.4,Under way using engine
2026-08-21T15:17:55Z,219002177,54.920180,11.371688,6.9,Under way using engine
2026-08-21T15:18:19Z,219000809,54.971902,11.514588,0.0,Under way using engine
2026-08-21T15:18:19Z,219000811,54.893840,11.437850,8.4,Under way using engine
2026-08-21T15:18:34Z,219002177,54.921430,11.371807,7.2,Under way using engine
2026-08-21T15:18:49Z,219000809,54.971902,11.514587,0.0,Under way using engine
2026-08-21T15:18:49Z,219000811,54.893252,11.439575,8.4,Under way using engine
2026-08-21T15:19:15Z,219002177,54.922865,11.371867,7.4,Under way using engine
2026-08-21T15:19:19Z,219000809,54.971910,11.514588,0.0,Under way using engine
2026-08-21T15:19:19Z,219000811,54.892635,11.441385,8.5,Under way using engine
2026-08-21T15:19:49Z,219000809,54.971900,11.514578,0.0,Under way using engine
2026-08-21T15:19:49Z,219000811,54.892042,11.443158,8.6,Under way using engine
2026-08-21T15:19:54Z,219002177,54.924172,11.371947,7.4,Under way using engine
2026-08-21T15:20:19Z,219000809,54.971895,11.514578,0.0,Under way using engine
2026-08-21T15:20:19Z,219000811,54.891447,11.445007,8.8,Under way using engine
2026-08-21T15:20:24Z,219002177,54.925203,11.372035,7.4,Under way using engine
2026-08-21T15:20:49Z,219000809,54.971888,11.514583,0.0,Under way using engine
2026-08-21T15:20:49Z,219000811,54.890828,11.446813,8.8,Under way using engine
2026-08-21T15:20:54Z,219002177,54.926235,11.372137,7.5,Under way using engine
2026-08-21T15:21:19Z,219000809,54.971888,11.514597,0.0,Under way using engine
2026-08-21T15:21:19Z,219000811,54.890155,11.448612,8.7,Under way using engine
2026-08-21T15:21:33Z,219002177,54.927628,11.372213,7.6,Under way using engine
2026-08-21T15:21:49Z,219000809,54.971892,11.514587,0.0,Under way using engine
2026-08-21T15:21:50Z,219000811,54.889467,11.450402,8.7,Under way using engine
2026-08-21T15:22:04Z,219002177,54.928733,11.372252,7.7,Under way using engine
2026-08-21T15:22:19Z,219000809,54.971898,11.514573,0.0,Under way using engine
2026-08-21T15:22:30Z,219000811,54.888557,11.452748,8.8,Under way using engine
2026-08-21T15:22:44Z,219002177,54.930135,11.372285,7.8,Under way using engine
2026-08-21T15:22:49Z,219000809,54.971905,11.514485,1.0,Under way using engine
2026-08-21T15:23:00Z,219000811,54.887873,11.454495,8.8,Under way using engine
2026-08-21T15:23:19Z,219000809,54.971920,11.513907,2.8,Under way using engine
2026-08-21T15:23:24Z,219002177,54.931607,11.372177,7.7,Under way using engine
2026-08-21T15:23:30Z,219000811,54.887177,11.456223,8.8,Under way using engine
2026-08-21T15:23:49Z,219000809,54.971835,11.513232,2.6,Under way using engine
2026-08-21T15:23:54Z,219002177,54.932617,11.371930,7.5,Under way using engine
2026-08-21T15:24:00Z,219000811,54.886437,11.457987,8.8,Under way using engine
2026-08-21T15:24:19Z,219000809,54.971775,11.512968,0.7,Under way using engine
2026-08-21T15:24:24Z,219002177,54.933652,11.371728,7.2,Under way using engine
2026-08-21T15:24:30Z,219000811,54.885760,11.459725,8.8,Under way using engine
2026-08-21T15:24:49Z,219000809,54.971743,11.512910,0.3,Under way using engine
2026-08-21T15:25:00Z,219000811,54.885078,11.461497,8.6,Under way using engine
2026-08-21T15:25:04Z,219002177,54.934912,11.371517,6.4,Under way using engine
2026-08-21T15:25:19Z,219000809,54.971827,11.512628,1.8,Under way using engine
2026-08-21T15:25:30Z,219000811,54.884418,11.463152,8.5,Under way using engine
2026-08-21T15:25:44Z,219002177,54.935673,11.371730,2.6,Under way using engine
2026-08-21T15:25:49Z,219000809,54.971895,11.511927,3.4,Under way using engine
2026-08-21T15:26:08Z,219000811,54.883590,11.465313,8.6,Under way using engine
2026-08-21T15:26:15Z,219002177,54.935860,11.371885,1.1,Under way using engine
2026-08-21T15:26:19Z,219000809,54.971982,11.510785,5.5,Under way using engine
2026-08-21T15:26:38Z,219000811,54.882923,11.467028,8.4,Under way using engine
2026-08-21T15:26:49Z,219000809,54.972130,11.509187,7.3,Under way using engine
2026-08-21T15:27:04Z,219002177,54.935968,11.371995,0.1,Under way using engine
2026-08-21T15:27:10Z,219000811,54.882303,11.468800,8.4,Under way using engine
2026-08-21T15:27:19Z,219000809,54.972277,11.507338,7.7,Under way using engine
2026-08-21T15:27:43Z,219000811,54.881778,11.470850,8.3,Under way using engine
2026-08-21T15:27:44Z,219002177,54.935968,11.372013,0.0,Under way using engine
2026-08-21T15:27:49Z,219000809,54.972247,11.505473,8.0,Under way using engine
2026-08-21T15:28:13Z,219000811,54.881508,11.472725,8.1,Under way using engine
2026-08-21T15:28:14Z,219002177,54.935960,11.372028,0.0,Under way using engine
2026-08-21T15:28:19Z,219000809,54.971808,11.503623,8.3,Under way using engine
2026-08-21T15:28:44Z,219002177,54.935963,11.372015,0.0,Under way using engine
2026-08-21T15:28:46Z,219000811,54.881393,11.474905,8.4,Under way using engine
2026-08-21T15:28:49Z,219000809,54.970958,11.502177,8.6,Under way using engine
2026-08-21T15:29:14Z,219002177,54.935955,11.372020,0.0,Under way using engine
2026-08-21T15:29:18Z,219000811,54.881393,11.477085,8.2,Under way using engine
2026-08-21T15:29:19Z,219000809,54.970053,11.500798,8.7,Under way using engine
2026-08-21T15:29:44Z,219002177,54.935957,11.372013,0.0,Under way using engine
2026-08-21T15:29:48Z,219000811,54.881610,11.479035,8.3,Under way using engine
2026-08-21T15:29:49Z,219000809,54.969148,11.499397,8.8,Under way using engine
2026-08-21T15:30:14Z,219002177,54.935907,11.371972,0.9,Under way using engine
2026-08-21T15:30:18Z,219000811,54.881962,11.480793,7.6,Under way using engine
2026-08-21T15:30:19Z,219000809,54.968240,11.497950,8.8,Under way using engine
2026-08-21T15:30:44Z,219002177,54.935592,11.371715,3.3,Under way using engine
2026-08-21T15:30:48Z,219000811,54.882482,11.482228,6.8,Under way using engine
2026-08-21T15:30:49Z,219000809,54.967348,11.496552,8.7,Under way using engine
2026-08-21T15:31:14Z,219002177,54.935010,11.371230,4.9,Under way using engine
2026-08-21T15:31:19Z,219000809,54.966383,11.495242,8.9,Under way using engine
2026-08-21T15:31:20Z,219000811,54.883102,11.482993,5.2,Under way using engine
2026-08-21T15:31:44Z,219002177,54.934308,11.371022,5.6,Under way using engine
2026-08-21T15:31:49Z,219000809,54.965405,11.493975,8.7,Under way using engine
2026-08-21T15:31:52Z,219000811,54.883753,11.483295,4.4,Under way using engine
2026-08-21T15:32:14Z,219002177,54.933427,11.371193,6.5,Under way using engine
2026-08-21T15:32:20Z,219000809,54.964403,11.492677,8.7,Under way using engine
2026-08-21T15:32:23Z,219000811,54.884108,11.483305,2.5,Under way using engine
2026-08-21T15:32:44Z,219002177,54.932515,11.371300,7.0,Under way using engine
2026-08-21T15:33:00Z,219000809,54.963105,11.490978,8.7,Under way using engine
2026-08-21T15:33:10Z,219000811,54.884307,11.483288,0.7,Under way using engine
2026-08-21T15:33:14Z,219002177,54.931477,11.371445,7.3,Under way using engine
2026-08-21T15:33:39Z,219000809,54.961813,11.489398,8.8,Under way using engine
2026-08-21T15:33:44Z,219002177,54.930493,11.371537,7.3,Under way using engine
2026-08-21T15:33:48Z,219000811,54.884328,11.483283,0.1,Under way using engine
2026-08-21T15:34:10Z,219000809,54.960622,11.488623,8.9,Under way using engine
2026-08-21T15:34:20Z,219000811,54.884327,11.483283,0.0,Under way using engine
2026-08-21T15:34:35Z,219002177,54.928722,11.371768,7.4,Under way using engine
2026-08-21T15:34:50Z,219000809,54.959045,11.487803,9.0,Under way using engine
2026-08-21T15:35:00Z,219000811,54.884325,11.483283,0.0,Under way using engine
2026-08-21T15:35:05Z,219002177,54.927735,11.371977,7.4,Under way using engine
2026-08-21T15:35:20Z,219000809,54.957837,11.487302,8.9,Under way using engine
2026-08-21T15:35:30Z,219000811,54.884325,11.483282,0.0,Under way using engine
2026-08-21T15:35:43Z,219002177,54.926413,11.372307,7.5,Under way using engine
2026-08-21T15:35:50Z,219000809,54.956650,11.486778,8.8,Under way using engine
2026-08-21T15:36:00Z,219000811,54.884325,11.483283,0.0,Under way using engine
2026-08-21T15:36:13Z,219002177,54.925385,11.372547,7.5,Under way using engine
2026-08-21T15:36:20Z,219000809,54.955467,11.486212,9.0,Under way using engine
2026-08-21T15:36:38Z,219000811,54.884325,11.483287,0.0,Under way using engine
2026-08-21T15:36:43Z,219002177,54.924352,11.372843,7.6,Under way using engine
2026-08-21T15:36:50Z,219000809,54.954247,11.485677,9.1,Under way using engine
2026-08-21T15:37:09Z,219000811,54.884327,11.483288,0.0,Under way using engine
2026-08-21T15:37:13Z,219002177,54.923335,11.372868,7.2,Under way using engine
2026-08-21T15:37:20Z,219000809,54.953033,11.485168,9.0,Under way using engine
2026-08-21T15:37:43Z,219002177,54.922342,11.372685,7.3,Under way using engine
2026-08-21T15:37:50Z,219000809,54.951822,11.484670,9.0,Under way using engine
2026-08-21T15:37:50Z,219000811,54.884328,11.483287,0.0,Under way using engine
2026-08-21T15:38:13Z,219002177,54.921330,11.372538,7.4,Under way using engine
2026-08-21T15:38:20Z,219000809,54.950610,11.484163,9.0,Under way using engine
2026-08-21T15:38:20Z,219000811,54.884328,11.483287,0.0,Under way using engine
2026-08-21T15:38:43Z,219002177,54.920318,11.372355,7.4,Under way using engine
2026-08-21T15:38:50Z,219000809,54.949412,11.483632,8.9,Under way using engine
2026-08-21T15:38:50Z,219000811,54.884328,11.483285,0.0,Under way using engine
2026-08-21T15:39:13Z,219002177,54.919298,11.372148,7.4,Under way using engine
2026-08-21T15:39:20Z,219000809,54.948213,11.483125,8.9,Under way using engine
2026-08-21T15:39:20Z,219000811,54.884328,11.483287,0.0,Under way using engine
2026-08-21T15:39:45Z,219002177,54.918262,11.371952,7.3,Under way using engine
2026-08-21T15:39:50Z,219000809,54.947015,11.482620,8.8,Under way using engine
2026-08-21T15:39:50Z,219000811,54.884328,11.483290,0.0,Under way using engine
2026-08-21T15:40:20Z,219000809,54.945837,11.482102,8.8,Under way using engine
2026-08-21T15:40:20Z,219000811,54.884328,11.483292,0.0,Under way using engine
2026-08-21T15:40:23Z,219002177,54.917057,11.371302,6.6,Under way using engine
2026-08-21T15:40:50Z,219000809,54.944653,11.481593,8.7,Under way using engine
2026-08-21T15:40:50Z,219000811,54.884328,11.483297,0.0,Under way using engine
2026-08-21T15:40:53Z,219002177,54.916758,11.370093,5.5,Under way using engine
2026-08-21T15:41:20Z,219000809,54.943487,11.481067,8.7,Under way using engine
2026-08-21T15:41:20Z,219000811,54.884330,11.483298,0.0,Under way using engine
2026-08-21T15:41:23Z,219002177,54.916690,11.368680,6.0,Under way using engine
2026-08-21T15:41:50Z,219000809,54.942487,11.479983,8.5,Under way using engine
2026-08-21T15:41:50Z,219000811,54.884330,11.483297,0.0,Under way using engine
2026-08-21T15:41:53Z,219002177,54.916562,11.367180,6.4,Under way using engine
2026-08-21T15:42:20Z,219000809,54.941615,11.478593,8.6,Under way using engine
2026-08-21T15:42:20Z,219000811,54.884328,11.483297,0.0,Under way using engine
2026-08-21T15:42:23Z,219002177,54.916428,11.365608,6.6,Under way using engine
2026-08-21T15:42:50Z,219000809,54.940757,11.477152,8.7,Under way using engine
2026-08-21T15:42:50Z,219000811,54.884327,11.483293,0.0,Under way using engine
2026-08-21T15:42:54Z,219002177,54.916327,11.363973,6.6,Under way using engine
2026-08-21T15:43:20Z,219000809,54.939927,11.475640,8.6,Under way using engine
2026-08-21T15:43:29Z,219000811,54.884325,11.483290,0.0,Under way using engine
2026-08-21T15:43:34Z,219002177,54.916358,11.362078,5.4,Under way using engine
2026-08-21T15:43:50Z,219000809,54.939252,11.473875,8.7,Under way using engine
2026-08-21T15:44:00Z,219000811,54.884323,11.483290,0.0,Under way using engine
2026-08-21T15:44:05Z,219002177,54.916348,11.361123,2.7,Under way using engine
2026-08-21T15:44:20Z,219000809,54.938630,11.472088,8.7,Under way using engine
2026-08-21T15:44:45Z,219002177,54.916352,11.360630,1.1,Under way using engine
2026-08-21T15:44:49Z,219000811,54.884323,11.483288,0.0,Under way using engine
2026-08-21T15:44:50Z,219000809,54.938113,11.470222,8.7,Under way using engine
2026-08-21T15:45:20Z,219000809,54.937592,11.468328,8.7,Under way using engine
2026-08-21T15:45:25Z,219002177,54.916338,11.360547,0.0,Under way using engine
2026-08-21T15:45:29Z,219000811,54.884322,11.483287,0.0,Under way using engine
2026-08-21T15:45:59Z,219000811,54.884322,11.483285,0.0,Under way using engine
2026-08-21T15:46:00Z,219000809,54.936882,11.465798,8.8,Under way using engine
2026-08-21T15:46:05Z,219002177,54.916343,11.360548,0.0,Under way using engine
2026-08-21T15:46:29Z,219000811,54.884323,11.483285,0.0,Under way using engine
2026-08-21T15:46:30Z,219000809,54.936353,11.463880,8.8,Under way using engine
2026-08-21T15:46:44Z,219002177,54.916345,11.360533,0.0,Under way using engine
2026-08-21T15:46:59Z,219000811,54.884325,11.483288,0.0,Under way using engine
2026-08-21T15:47:00Z,219000809,54.935817,11.461980,8.8,Under way using engine
2026-08-21T15:47:14Z,219002177,54.916345,11.360528,0.0,Under way using engine
2026-08-21T15:47:29Z,219000811,54.884325,11.483290,0.0,Under way using engine
2026-08-21T15:47:30Z,219000809,54.935282,11.460073,8.8,Under way using engine
2026-08-21T15:47:44Z,219002177,54.916350,11.360537,0.0,Under way using engine
2026-08-21T15:47:59Z,219000811,54.884325,11.483287,0.0,Under way using engine
2026-08-21T15:48:00Z,219000809,54.934732,11.458153,8.9,Under way using engine
2026-08-21T15:48:14Z,219002177,54.916355,11.360510,0.0,Under way using engine
2026-08-21T15:48:29Z,219000811,54.884325,11.483288,0.0,Under way using engine
2026-08-21T15:48:30Z,219000809,54.934193,11.456247,8.8,Under way using engine
2026-08-21T15:48:44Z,219002177,54.916357,11.360507,0.0,Under way using engine
2026-08-21T15:48:59Z,219000811,54.884325,11.483292,0.0,Under way using engine
2026-08-21T15:49:00Z,219000809,54.933665,11.454328,8.9,Under way using engine
2026-08-21T15:49:14Z,219002177,54.916350,11.360505,0.0,Under way using engine
2026-08-21T15:49:29Z,219000811,54.884323,11.483292,0.0,Under way using engine
2026-08-21T15:49:30Z,219000809,54.932992,11.452565,8.8,Under way using engine
2026-08-21T15:49:44Z,219002177,54.916345,11.360513,0.0,Under way using engine
2026-08-21T15:49:59Z,219000811,54.884323,11.483293,0.0,Under way using engine
2026-08-21T15:50:00Z,219000809,54.932245,11.450867,8.8,Under way using engine
2026-08-21T15:50:14Z,219002177,54.916348,11.360523,0.0,Under way using engine
2026-08-21T15:50:29Z,219000811,54.884325,11.483293,0.0,Under way using engine
2026-08-21T15:50:30Z,219000809,54.931493,11.449195,8.8,Under way using engine
2026-08-21T15:50:44Z,219002177,54.916322,11.360785,2.1,Under way using engine
2026-08-21T15:50:59Z,219000811,54.884325,11.483292,0.0,Under way using engine
2026-08-21T15:51:00Z,219000809,54.930748,11.447528,8.8,Under way using engine
2026-08-21T15:51:14Z,219002177,54.916270,11.361682,4.2,Under way using engine
2026-08-21T15:51:29Z,219000811,54.884323,11.483292,0.0,Under way using engine
2026-08-21T15:51:30Z,219000809,54.930022,11.445883,8.5,Under way using engine
2026-08-21T15:51:44Z,219002177,54.916298,11.362890,5.3,Under way using engine
2026-08-21T15:51:59Z,219000811,54.884323,11.483290,0.0,Under way using engine
2026-08-21T15:52:09Z,219000809,54.929065,11.443728,8.8,Under way using engine
2026-08-21T15:52:25Z,219002177,54.916390,11.364775,6.2,Under way using engine
2026-08-21T15:52:29Z,219000811,54.884322,11.483288,0.0,Under way using engine
2026-08-21T15:52:40Z,219000809,54.928295,11.441977,8.8,Under way using engine
2026-08-21T15:52:59Z,219000811,54.884322,11.483287,0.0,Under way using engine
2026-08-21T15:53:04Z,219002177,54.916512,11.366890,6.7,Under way using engine
2026-08-21T15:53:21Z,219000809,54.927290,11.439693,8.7,Under way using engine
2026-08-21T15:53:29Z,219000811,54.884322,11.483285,0.0,Under way using engine
2026-08-21T15:53:34Z,219002177,54.916625,11.368535,6.9,Under way using engine
2026-08-21T15:53:59Z,219000811,54.884323,11.483287,0.0,Under way using engine
2026-08-21T15:54:04Z,219002177,54.916777,11.370183,6.9,Under way using engine
2026-08-21T15:54:09Z,219000809,54.926105,11.437015,8.8,Under way using engine
2026-08-21T15:54:29Z,219000811,54.884322,11.483287,0.0,Under way using engine
2026-08-21T15:54:34Z,219002177,54.917300,11.371107,5.0,Under way using engine
2026-08-21T15:54:40Z,219000809,54.925372,11.435223,8.7,Under way using engine
2026-08-21T15:54:59Z,219000811,54.884322,11.483285,0.0,Under way using engine
2026-08-21T15:55:04Z,219002177,54.918042,11.371163,5.5,Under way using engine
2026-08-21T15:55:20Z,219000809,54.924360,11.433068,8.7,Under way using engine
2026-08-21T15:55:29Z,219000811,54.884323,11.483282,0.0,Under way using engine
2026-08-21T15:55:34Z,219002177,54.918857,11.371255,6.1,Under way using engine
2026-08-21T15:55:50Z,219000809,54.923608,11.431455,8.6,Under way using engine
2026-08-21T15:55:59Z,219000811,54.884323,11.483282,0.0,Under way using engine
2026-08-21T15:56:20Z,219000809,54.922887,11.429890,8.5,Under way using engine
2026-08-21T15:56:24Z,219002177,54.920347,11.371403,6.6,Under way using engine
2026-08-21T15:56:29Z,219000811,54.884325,11.483282,0.0,Under way using engine
2026-08-21T15:56:50Z,219000809,54.922163,11.428207,8.7,Under way using engine
2026-08-21T15:56:54Z,219002177,54.921250,11.371488,6.8,Under way using engine
2026-08-21T15:56:59Z,219000811,54.884325,11.483283,0.0,Under way using engine
2026-08-21T15:57:20Z,219000809,54.921410,11.426570,8.6,Under way using engine
2026-08-21T15:57:24Z,219002177,54.922240,11.371598,7.0,Under way using engine
2026-08-21T15:57:40Z,219000811,54.884325,11.483285,0.0,Under way using engine
2026-08-21T15:57:50Z,219000809,54.920680,11.424920,8.6,Under way using engine
2026-08-21T15:57:54Z,219002177,54.923222,11.371768,7.2,Under way using engine
2026-08-21T15:58:20Z,219000809,54.919953,11.423320,8.4,Under way using engine
2026-08-21T15:58:20Z,219000811,54.884328,11.483283,0.0,Under way using engine
2026-08-21T15:58:24Z,219002177,54.924203,11.371988,7.1,Under way using engine
2026-08-21T15:58:50Z,219000809,54.919178,11.421790,8.5,Under way using engine
2026-08-21T15:58:54Z,219002177,54.925197,11.372170,7.1,Under way using engine
2026-08-21T15:58:59Z,219000811,54.884328,11.483283,0.0,Under way using engine
2026-08-21T15:59:20Z,219000809,54.918402,11.420193,8.5,Under way using engine
2026-08-21T15:59:24Z,219002177,54.926175,11.372353,7.1,Under way using engine
2026-08-21T15:59:40Z,219000811,54.884330,11.483287,0.0,Under way using engine
2026-08-21T15:59:50Z,219000809,54.917627,11.418647,8.6,Under way using engine
2026-08-21T15:59:54Z,219002177,54.927157,11.372413,7.0,Under way using engine
2026-08-21T16:00:19Z,219000811,54.884328,11.483288,0.0,Under way using engine
2026-08-21T16:00:20Z,219000809,54.916847,11.417100,8.5,Under way using engine
2026-08-21T16:00:24Z,219002177,54.928127,11.372377,6.9,Under way using engine
2026-08-21T16:00:49Z,219000811,54.884328,11.483288,0.0,Under way using engine
2026-08-21T16:00:50Z,219000809,54.916063,11.415570,8.4,Under way using engine
2026-08-21T16:00:54Z,219002177,54.929068,11.372300,6.9,Under way using engine
2026-08-21T16:01:19Z,219000811,54.884328,11.483290,0.0,Under way using engine
2026-08-21T16:01:20Z,219000809,54.915297,11.414055,8.5,Under way using engine
2026-08-21T16:01:24Z,219002177,54.930002,11.372208,6.8,Under way using engine
2026-08-21T16:01:49Z,219000811,54.884327,11.483288,0.0,Under way using engine
2026-08-21T16:01:50Z,219000809,54.914513,11.412503,8.5,Under way using engine
2026-08-21T16:01:55Z,219002177,54.930932,11.372050,6.7,Under way using engine
2026-08-21T16:02:19Z,219000811,54.884327,11.483285,0.0,Under way using engine
2026-08-21T16:02:20Z,219000809,54.913745,11.410972,8.5,Under way using engine
2026-08-21T16:02:34Z,219002177,54.932132,11.371858,6.7,Under way using engine
2026-08-21T16:02:49Z,219000811,54.884327,11.483287,0.0,Under way using engine
2026-08-21T16:02:50Z,219000809,54.912950,11.409430,8.4,Under way using engine
2026-08-21T16:03:05Z,219002177,54.933123,11.371678,6.7,Under way using engine
2026-08-21T16:03:19Z,219000811,54.884325,11.483285,0.0,Under way using engine
2026-08-21T16:03:20Z,219000809,54.912350,11.407733,8.4,Under way using engine
2026-08-21T16:03:45Z,219002177,54.934312,11.371608,6.5,Under way using engine
2026-08-21T16:03:49Z,219000811,54.884323,11.483283,0.0,Under way using engine
2026-08-21T16:03:50Z,219000809,54.911772,11.405973,8.4,Under way using engine
2026-08-21T16:04:19Z,219000811,54.884323,11.483283,0.0,Under way using engine
2026-08-21T16:04:20Z,219000809,54.911145,11.404262,8.5,Under way using engine
2026-08-21T16:04:24Z,219002177,54.935417,11.371588,5.2,Under way using engine
2026-08-21T16:04:49Z,219000811,54.884322,11.483285,0.0,Under way using engine
2026-08-21T16:04:55Z,219002177,54.935800,11.371782,1.9,Under way using engine
2026-08-21T16:04:59Z,219000809,54.910365,11.401955,8.6,Under way using engine
2026-08-21T16:05:20Z,219000811,54.884322,11.483287,0.0,Under way using engine
2026-08-21T16:05:30Z,219000809,54.909732,11.400113,8.6,Under way using engine
2026-08-21T16:05:34Z,219002177,54.935953,11.371920,0.8,Under way using engine
2026-08-21T16:05:59Z,219000811,54.884325,11.483285,0.0,Under way using engine
2026-08-21T16:06:05Z,219002177,54.935970,11.371950,0.0,Under way using engine
2026-08-21T16:06:09Z,219000809,54.908900,11.397862,8.5,Under way using engine
2026-08-21T16:06:30Z,219000811,54.884327,11.483283,0.0,Under way using engine
2026-08-21T16:06:39Z,219000809,54.908487,11.396025,8.1,Under way using engine
2026-08-21T16:06:45Z,219002177,54.935972,11.371950,0.0,Under way using engine
2026-08-21T16:07:00Z,219000811,54.884328,11.483283,0.0,Under way using engine
2026-08-21T16:07:09Z,219000809,54.908457,11.394082,8.3,Under way using engine
2026-08-21T16:07:24Z,219002177,54.935975,11.371962,0.0,Under way using engine
2026-08-21T16:07:30Z,219000811,54.884328,11.483285,0.0,Under way using engine
2026-08-21T16:07:39Z,219000809,54.908565,11.392067,8.4,Under way using engine
2026-08-21T16:07:54Z,219002177,54.935977,11.371963,0.0,Under way using engine
2026-08-21T16:08:00Z,219000811,54.884328,11.483285,0.0,Under way using engine
2026-08-21T16:08:09Z,219000809,54.908867,11.390122,8.4,Under way using engine
2026-08-21T16:08:25Z,219002177,54.935975,11.371953,0.0,Under way using engine
2026-08-21T16:08:30Z,219000811,54.884328,11.483285,0.0,Under way using engine
2026-08-21T16:08:39Z,219000809,54.909353,11.388277,8.5,Under way using engine
2026-08-21T16:09:00Z,219000811,54.884327,11.483285,0.0,Under way using engine
2026-08-21T16:09:03Z,219002177,54.935978,11.371975,0.0,Under way using engine
2026-08-21T16:09:09Z,219000809,54.910010,11.386583,8.5,Under way using engine
2026-08-21T16:09:34Z,219002177,54.935965,11.371973,0.3,Under way using engine
2026-08-21T16:09:39Z,219000809,54.910720,11.384968,8.4,Under way using engine
2026-08-21T16:09:39Z,219000811,54.884323,11.483285,0.0,Under way using engine
2026-08-21T16:10:10Z,219000809,54.911442,11.383292,8.4,Under way using engine
2026-08-21T16:10:10Z,219000811,54.884267,11.483293,0.3,Under way using engine
2026-08-21T16:10:14Z,219002177,54.935982,11.371975,0.0,Under way using engine
2026-08-21T16:10:45Z,219002177,54.935973,11.371980,0.0,Under way using engine
2026-08-21T16:10:49Z,219000811,54.883623,11.483452,4.1,Under way using engine
2026-08-21T16:10:50Z,219000809,54.912378,11.381083,8.3,Under way using engine
2026-08-21T16:11:19Z,219000811,54.883180,11.483883,3.7,Under way using engine
2026-08-21T16:11:25Z,219002177,54.935965,11.371968,0.1,Under way using engine
2026-08-21T16:11:30Z,219000809,54.913258,11.378947,8.1,Under way using engine
2026-08-21T16:11:49Z,219000811,54.882805,11.483585,3.3,Under way using engine
2026-08-21T16:12:00Z,219000809,54.913890,11.377400,8.2,Under way using engine
2026-08-21T16:12:03Z,219002177,54.936010,11.372025,0.0,Under way using engine
2026-08-21T16:12:19Z,219000811,54.882227,11.482487,6.1,Under way using engine
2026-08-21T16:12:30Z,219000809,54.914563,11.375728,8.2,Under way using engine
2026-08-21T16:12:34Z,219002177,54.935967,11.371980,0.0,Under way using engine
2026-08-21T16:12:49Z,219000811,54.881698,11.481192,6.7,Under way using engine
2026-08-21T16:13:00Z,219000809,54.915213,11.374180,8.2,Under way using engine
2026-08-21T16:13:15Z,219002177,54.935967,11.371983,0.0,Under way using engine
2026-08-21T16:13:19Z,219000811,54.881275,11.479613,7.1,Under way using engine
2026-08-21T16:13:30Z,219000809,54.915893,11.372568,8.2,Under way using engine
2026-08-21T16:13:49Z,219000811,54.881163,11.477923,7.1,Under way using engine
2026-08-21T16:13:53Z,219002177,54.935952,11.371977,0.0,Under way using engine
2026-08-21T16:14:00Z,219000809,54.916420,11.370837,8.1,Under way using engine
2026-08-21T16:14:19Z,219000811,54.881280,11.476238,7.2,Under way using engine
2026-08-21T16:14:25Z,219002177,54.935983,11.371967,0.1,Under way using engine
2026-08-21T16:14:30Z,219000809,54.916637,11.368875,8.5,Under way using engine
2026-08-21T16:14:49Z,219000811,54.881388,11.474513,7.2,Under way using engine
2026-08-21T16:15:00Z,219000809,54.916545,11.366843,8.5,Under way using engine
2026-08-21T16:15:04Z,219002177,54.935953,11.371953,0.0,Under way using engine
2026-08-21T16:15:19Z,219000811,54.881542,11.472728,7.3,Under way using engine
2026-08-21T16:15:30Z,219000809,54.916440,11.364867,8.0,Under way using engine
2026-08-21T16:15:34Z,219002177,54.935960,11.371957,0.0,Under way using engine
2026-08-21T16:15:49Z,219000811,54.881700,11.471010,7.3,Under way using engine
2026-08-21T16:16:00Z,219000809,54.916343,11.363270,6.4,Under way using engine
2026-08-21T16:16:04Z,219002177,54.935960,11.371953,0.0,Under way using engine
2026-08-21T16:16:19Z,219000811,54.881912,11.469238,7.3,Under way using engine
2026-08-21T16:16:30Z,219000809,54.916252,11.361892,5.3,Under way using engine
2026-08-21T16:16:34Z,219002177,54.935977,11.371962,0.0,Under way using engine
2026-08-21T16:16:49Z,219000811,54.882297,11.467713,7.2,Under way using engine
2026-08-21T16:17:00Z,219000809,54.916140,11.360775,4.4,Under way using engine
2026-08-21T16:17:04Z,219002177,54.935973,11.371965,0.0,Under way using engine
2026-08-21T16:17:19Z,219000811,54.882837,11.466172,7.4,Under way using engine
2026-08-21T16:17:33Z,219000809,54.915960,11.360417,0.6,Under way using engine
2026-08-21T16:17:34Z,219002177,54.935980,11.371963,0.0,Under way using engine
2026-08-21T16:17:49Z,219000811,54.883443,11.464727,7.5,Under way using engine
2026-08-21T16:18:03Z,219000809,54.915970,11.360372,0.5,Under way using engine
2026-08-21T16:18:04Z,219002177,54.935972,11.371953,0.0,Under way using engine
2026-08-21T16:18:19Z,219000811,54.884093,11.463228,7.6,Under way using engine
2026-08-21T16:18:33Z,219000809,54.916052,11.360173,1.1,Under way using engine
2026-08-21T16:18:34Z,219002177,54.935965,11.371955,0.0,Under way using engine
2026-08-21T16:18:49Z,219000811,54.884727,11.461790,7.5,Under way using engine
2026-08-21T16:19:03Z,219000809,54.916077,11.360058,0.3,Under way using engine
2026-08-21T16:19:04Z,219002177,54.935972,11.371958,0.0,Under way using engine
2026-08-21T16:19:19Z,219000811,54.885357,11.460383,7.4,Under way using engine
2026-08-21T16:19:34Z,219002177,54.935963,11.371960,0.0,Under way using engine
2026-08-21T16:19:40Z,219000809,54.916083,11.360018,0.1,Under way using engine
2026-08-21T16:19:49Z,219000811,54.885972,11.459017,7.3,Under way using engine
2026-08-21T16:20:04Z,219002177,54.935990,11.371967,0.0,Under way using engine
2026-08-21T16:20:10Z,219000809,54.916098,11.360030,0.0,Under way using engine
2026-08-21T16:20:19Z,219000811,54.886618,11.457603,7.3,Under way using engine
2026-08-21T16:20:34Z,219002177,54.935880,11.371887,1.6,Under way using engine
2026-08-21T16:20:40Z,219000809,54.916095,11.360033,0.0,Under way using engine
2026-08-21T16:20:49Z,219000811,54.887228,11.456247,7.3,Under way using engine
2026-08-21T16:21:10Z,219000809,54.916080,11.360033,0.0,Under way using engine
2026-08-21T16:21:14Z,219002177,54.935253,11.371428,4.7,Under way using engine
2026-08-21T16:21:19Z,219000811,54.887823,11.454780,7.2,Under way using engine
2026-08-21T16:21:40Z,219000809,54.916057,11.360023,0.1,Under way using engine
2026-08-21T16:21:44Z,219002177,54.934502,11.371063,6.0,Under way using engine
2026-08-21T16:21:49Z,219000811,54.888333,11.453290,7.3,Under way using engine
2026-08-21T16:22:10Z,219000809,54.916047,11.360018,0.1,Under way using engine
2026-08-21T16:22:14Z,219002177,54.933972,11.370945,0.9,Under way using engine
2026-08-21T16:22:19Z,219000811,54.888828,11.451812,7.3,Under way using engine
2026-08-21T16:22:40Z,219000809,54.916067,11.360025,0.1,Under way using engine
2026-08-21T16:22:44Z,219002177,54.933793,11.371002,2.8,Under way using engine
2026-08-21T16:22:49Z,219000811,54.889388,11.450218,7.3,Under way using engine
2026-08-21T16:23:10Z,219000809,54.916068,11.360028,0.1,Under way using engine
2026-08-21T16:23:14Z,219002177,54.933105,11.371317,5.4,Under way using engine
2026-08-21T16:23:19Z,219000811,54.889905,11.448750,7.4,Under way using engine
2026-08-21T16:23:44Z,219002177,54.932227,11.371462,6.8,Under way using engine
2026-08-21T16:23:49Z,219000811,54.890428,11.447212,7.3,Under way using engine
2026-08-21T16:23:51Z,219000809,54.916035,11.360025,0.1,Under way using engine
2026-08-21T16:24:14Z,219002177,54.931230,11.371663,7.5,Under way using engine
2026-08-21T16:24:19Z,219000811,54.890933,11.445768,7.3,Under way using engine
2026-08-21T16:24:31Z,219000809,54.916038,11.360023,0.1,Under way using engine
2026-08-21T16:24:45Z,219002177,54.930085,11.371955,7.8,Under way using engine
2026-08-21T16:24:49Z,219000811,54.891487,11.444102,7.5,Under way using engine
2026-08-21T16:25:10Z,219000809,54.916068,11.360043,0.1,Under way using engine
2026-08-21T16:25:15Z,219002177,54.929033,11.372152,8.0,Under way using engine
2026-08-21T16:25:19Z,219000811,54.892062,11.442525,8.0,Under way using engine
2026-08-21T16:25:45Z,219002177,54.927905,11.372115,8.0,Under way using engine
2026-08-21T16:25:49Z,219000811,54.892653,11.440790,8.3,Under way using engine
2026-08-21T16:25:50Z,219000809,54.916068,11.360050,0.0,Under way using engine
2026-08-21T16:26:15Z,219002177,54.926823,11.372098,8.2,Under way using engine
2026-08-21T16:26:20Z,219000809,54.916070,11.360043,0.0,Under way using engine
2026-08-21T16:26:20Z,219000811,54.893277,11.438982,8.4,Under way using engine
2026-08-21T16:26:45Z,219002177,54.925678,11.372070,8.1,Under way using engine
2026-08-21T16:26:51Z,219000809,54.916032,11.360042,0.0,Under way using engine
2026-08-21T16:26:59Z,219000811,54.894055,11.436707,8.5,Under way using engine
2026-08-21T16:27:15Z,219002177,54.924563,11.372033,8.1,Under way using engine
2026-08-21T16:27:29Z,219000811,54.894645,11.435033,8.5,Under way using engine
2026-08-21T16:27:31Z,219000809,54.916045,11.360040,0.0,Under way using engine
2026-08-21T16:27:45Z,219002177,54.923412,11.372040,8.2,Under way using engine
2026-08-21T16:27:59Z,219000811,54.895267,11.433240,8.4,Under way using engine
2026-08-21T16:28:10Z,219000809,54.916028,11.360033,0.0,Under way using engine
2026-08-21T16:28:15Z,219002177,54.922323,11.372092,8.1,Under way using engine
2026-08-21T16:28:29Z,219000811,54.895852,11.431538,8.3,Under way using engine
2026-08-21T16:28:45Z,219002177,54.921177,11.372117,7.9,Under way using engine
2026-08-21T16:28:50Z,219000809,54.916047,11.360037,0.0,Under way using engine
2026-08-21T16:28:59Z,219000811,54.896465,11.429830,8.2,Under way using engine
2026-08-21T16:29:20Z,219000809,54.916057,11.360028,0.0,Under way using engine
2026-08-21T16:29:23Z,219002177,54.919803,11.372067,7.7,Under way using engine
2026-08-21T16:29:30Z,219000811,54.897073,11.428127,8.1,Under way using engine
2026-08-21T16:29:50Z,219000809,54.916058,11.360030,0.0,Under way using engine
2026-08-21T16:29:54Z,219002177,54.918762,11.372040,7.5,Under way using engine
2026-08-21T16:30:10Z,219000811,54.897878,11.425915,8.1,Under way using engine
2026-08-21T16:30:20Z,219000809,54.916052,11.360017,0.0,Under way using engine
2026-08-21T16:30:24Z,219002177,54.917730,11.371878,7.1,Under way using engine
2026-08-21T16:30:40Z,219000811,54.898393,11.424147,8.0,Under way using engine
2026-08-21T16:30:50Z,219000809,54.916053,11.360015,0.0,Under way using engine
2026-08-21T16:30:54Z,219002177,54.917020,11.371057,6.0,Under way using engine
2026-08-21T16:31:10Z,219000811,54.898883,11.422497,8.1,Under way using engine
2026-08-21T16:31:20Z,219000809,54.916065,11.360023,0.0,Under way using engine
2026-08-21T16:31:24Z,219002177,54.916843,11.369697,5.7,Under way using engine
2026-08-21T16:31:50Z,219000809,54.916063,11.360032,0.0,Under way using engine
2026-08-21T16:31:50Z,219000811,54.899582,11.420117,8.1,Under way using engine
2026-08-21T16:32:04Z,219002177,54.916702,11.367787,6.2,Under way using engine
2026-08-21T16:32:20Z,219000809,54.916070,11.360033,0.0,Under way using engine
2026-08-21T16:32:30Z,219000811,54.900280,11.417805,8.1,Under way using engine
2026-08-21T16:32:35Z,219002177,54.916578,11.366263,6.4,Under way using engine
2026-08-21T16:32:50Z,219000809,54.916072,11.360032,0.0,Under way using engine
2026-08-21T16:33:10Z,219000811,54.900953,11.415493,8.2,Under way using engine
2026-08-21T16:33:14Z,219002177,54.916398,11.364277,6.4,Under way using engine
2026-08-21T16:33:20Z,219000809,54.916070,11.360030,0.0,Under way using engine
2026-08-21T16:33:50Z,219000809,54.916063,11.360028,0.0,Under way using engine
2026-08-21T16:33:50Z,219000811,54.901648,11.413135,8.2,Under way using engine
2026-08-21T16:34:04Z,219002177,54.916350,11.361978,4.8,Under way using engine
2026-08-21T16:34:30Z,219000809,54.916058,11.360045,0.0,Under way using engine
2026-08-21T16:34:30Z,219000811,54.902283,11.410950,7.5,Under way using engine
2026-08-21T16:34:35Z,219002177,54.916343,11.361108,2.7,Under way using engine
2026-08-21T16:35:00Z,219000809,54.916063,11.360043,0.0,Under way using engine
2026-08-21T16:35:10Z,219000811,54.902918,11.408872,7.3,Under way using engine
2026-08-21T16:35:12Z,219002177,54.916337,11.360753,1.2,Under way using engine
2026-08-21T16:35:30Z,219000809,54.916068,11.360033,0.0,Under way using engine
2026-08-21T16:35:43Z,219002177,54.916333,11.360538,0.1,Under way using engine
2026-08-21T16:35:50Z,219000811,54.903520,11.406788,7.2,Under way using engine
2026-08-21T16:36:00Z,219000809,54.916067,11.360032,0.0,Under way using engine
2026-08-21T16:36:14Z,219002177,54.916328,11.360530,0.0,Under way using engine
2026-08-21T16:36:23Z,219000811,54.903815,11.405782,7.2,Under way using engine
2026-08-21T16:36:30Z,219000809,54.916060,11.360038,0.0,Under way using engine
2026-08-21T16:36:54Z,219002177,54.916322,11.360548,0.0,Under way using engine
2026-08-21T16:36:59Z,219000811,54.904568,11.403213,7.2,Under way using engine
2026-08-21T16:37:00Z,219000809,54.916047,11.360033,0.0,Under way using engine
2026-08-21T16:37:24Z,219002177,54.916340,11.360543,0.0,Under way using engine
2026-08-21T16:37:30Z,219000809,54.916067,11.360030,0.0,Under way using engine
2026-08-21T16:37:30Z,219000811,54.905035,11.401700,7.2,Under way using engine
2026-08-21T16:37:54Z,219002177,54.916330,11.360557,0.0,Under way using engine
2026-08-21T16:38:00Z,219000809,54.916080,11.360032,0.0,Under way using engine
2026-08-21T16:38:09Z,219000811,54.905613,11.399638,7.1,Under way using engine
2026-08-21T16:38:30Z,219000809,54.916070,11.360040,0.0,Under way using engine
2026-08-21T16:38:43Z,219002177,54.916353,11.360552,0.0,Under way using engine
2026-08-21T16:38:48Z,219000811,54.906187,11.397622,7.1,Under way using engine
2026-08-21T16:39:00Z,219000809,54.916055,11.360047,0.0,Under way using engine
2026-08-21T16:39:13Z,219002177,54.916332,11.360547,0.0,Under way using engine
2026-08-21T16:39:18Z,219000811,54.906578,11.396138,7.0,Under way using engine
2026-08-21T16:39:30Z,219000809,54.916033,11.360303,1.6,Under way using engine
2026-08-21T16:39:43Z,219002177,54.916338,11.360538,0.0,Under way using engine
2026-08-21T16:39:48Z,219000811,54.906993,11.394548,7.0,Under way using engine
2026-08-21T16:40:00Z,219000809,54.916015,11.360900,2.9,Under way using engine
2026-08-21T16:40:13Z,219002177,54.916335,11.360535,0.0,Under way using engine
2026-08-21T16:40:18Z,219000811,54.907403,11.392888,7.4,Under way using engine
2026-08-21T16:40:30Z,219000809,54.916117,11.361877,4.5,Under way using engine
2026-08-21T16:40:44Z,219002177,54.916343,11.360537,0.0,Under way using engine
2026-08-21T16:40:48Z,219000811,54.907868,11.391140,8.1,Under way using engine
2026-08-21T16:41:00Z,219000809,54.916303,11.363157,6.0,Under way using engine
2026-08-21T16:41:18Z,219000811,54.908372,11.389248,8.4,Under way using engine
2026-08-21T16:41:23Z,219002177,54.916340,11.360533,0.0,Under way using engine
2026-08-21T16:41:30Z,219000809,54.916455,11.364805,7.4,Under way using engine
2026-08-21T16:41:48Z,219000811,54.908938,11.387555,8.5,Under way using engine
2026-08-21T16:42:00Z,219000809,54.916622,11.366833,8.8,Under way using engine
2026-08-21T16:42:03Z,219002177,54.916352,11.360540,0.0,Under way using engine
2026-08-21T16:42:25Z,219000811,54.909520,11.386145,8.5,Under way using engine
2026-08-21T16:42:30Z,219000809,54.916758,11.369032,9.3,Under way using engine
2026-08-21T16:42:35Z,219002177,54.916348,11.360555,0.0,Under way using engine
2026-08-21T16:42:59Z,219000811,54.910548,11.383538,8.5,Under way using engine
2026-08-21T16:43:00Z,219000809,54.916870,11.371277,9.4,Under way using engine
2026-08-21T16:43:13Z,219002177,54.916340,11.360537,0.0,Under way using engine
2026-08-21T16:43:30Z,219000809,54.916600,11.373435,9.3,Under way using engine
2026-08-21T16:43:30Z,219000811,54.911235,11.381813,8.4,Under way using engine
2026-08-21T16:43:44Z,219002177,54.916335,11.360533,0.0,Under way using engine
2026-08-21T16:44:00Z,219000809,54.915878,11.375327,9.6,Under way using engine
2026-08-21T16:44:00Z,219000811,54.911892,11.380155,8.4,Under way using engine
2026-08-21T16:44:25Z,219002177,54.916342,11.360540,0.0,Under way using engine
2026-08-21T16:44:30Z,219000809,54.915080,11.377223,9.8,Under way using engine
2026-08-21T16:44:30Z,219000811,54.912587,11.378448,8.4,Under way using engine
2026-08-21T16:45:00Z,219000809,54.914267,11.379135,9.9,Under way using engine
2026-08-21T16:45:00Z,219000811,54.913290,11.376818,8.6,Under way using engine
2026-08-21T16:45:04Z,219002177,54.916357,11.360545,0.0,Under way using engine
2026-08-21T16:45:30Z,219000809,54.913427,11.381030,10.0,Under way using engine
2026-08-21T16:45:30Z,219000811,54.913975,11.375245,8.6,Under way using engine
2026-08-21T16:45:35Z,219002177,54.916358,11.360545,0.0,Under way using engine
2026-08-21T16:46:00Z,219000809,54.912588,11.382938,9.9,Under way using engine
2026-08-21T16:46:00Z,219000811,54.914727,11.373558,8.6,Under way using engine
2026-08-21T16:46:13Z,219002177,54.916345,11.360543,0.0,Under way using engine
2026-08-21T16:46:30Z,219000809,54.911758,11.384827,9.9,Under way using engine
2026-08-21T16:46:30Z,219000811,54.915473,11.371915,8.5,Under way using engine
2026-08-21T16:46:44Z,219002177,54.916345,11.360543,0.0,Under way using engine
2026-08-21T16:47:00Z,219000809,54.910948,11.386730,9.8,Under way using engine
2026-08-21T16:47:00Z,219000811,54.916193,11.370300,8.5,Under way using engine
2026-08-21T16:47:14Z,219002177,54.916352,11.360572,0.0,Under way using engine
2026-08-21T16:47:30Z,219000809,54.910147,11.388638,9.8,Under way using engine
2026-08-21T16:47:33Z,219000811,54.916538,11.368250,8.4,Under way using engine
2026-08-21T16:47:44Z,219002177,54.916357,11.360575,0.0,Under way using engine
2026-08-21T16:48:00Z,219000809,54.909373,11.390580,9.8,Under way using engine
2026-08-21T16:48:03Z,219000811,54.916490,11.366095,8.7,Under way using engine
2026-08-21T16:48:14Z,219002177,54.916368,11.360565,0.0,Under way using engine
2026-08-21T16:48:30Z,219000809,54.908620,11.392553,9.8,Under way using engine
2026-08-21T16:48:40Z,219000811,54.916310,11.363535,8.6,Under way using engine
2026-08-21T16:48:45Z,219002177,54.916360,11.360562,0.0,Under way using engine
2026-08-21T16:49:00Z,219000809,54.907938,11.394612,9.9,Under way using engine
2026-08-21T16:49:18Z,219000811,54.916175,11.361498,6.3,Under way using engine
2026-08-21T16:49:25Z,219002177,54.916350,11.360543,0.0,Under way using engine
2026-08-21T16:49:30Z,219000809,54.907767,11.396852,9.3,Under way using engine
2026-08-21T16:49:49Z,219000811,54.915920,11.360677,3.8,Under way using engine
2026-08-21T16:50:00Z,219000809,54.908313,11.398832,9.1,Under way using engine
2026-08-21T16:50:05Z,219002177,54.916362,11.360548,0.0,Under way using engine
2026-08-21T16:50:22Z,219000811,54.915927,11.360718,0.4,Under way using engine
2026-08-21T16:50:31Z,219000809,54.909092,11.400588,8.9,Under way using engine
2026-08-21T16:50:35Z,219002177,54.916367,11.360542,0.0,Under way using engine
2026-08-21T16:50:52Z,219000811,54.915993,11.360337,1.6,Under way using engine
2026-08-21T16:51:05Z,219002177,54.916350,11.360523,0.0,Under way using engine
2026-08-21T16:51:09Z,219000809,54.910025,11.402762,8.9,Under way using engine
2026-08-21T16:51:22Z,219000811,54.916030,11.360060,1.2,Under way using engine
2026-08-21T16:51:39Z,219000809,54.910775,11.404547,8.9,Under way using engine
2026-08-21T16:51:45Z,219002177,54.916358,11.360538,0.0,Under way using engine
2026-08-21T16:51:53Z,219000811,54.916067,11.359993,0.3,Under way using engine
2026-08-21T16:52:09Z,219000809,54.911513,11.406197,8.9,Under way using engine
2026-08-21T16:52:23Z,219002177,54.916345,11.360538,0.0,Under way using engine
2026-08-21T16:52:29Z,219000811,54.916073,11.359963,0.0,Under way using engine
2026-08-21T16:52:39Z,219000809,54.912260,11.407993,8.9,Under way using engine
2026-08-21T16:53:00Z,219000811,54.916073,11.359965,0.0,Under way using engine
2026-08-21T16:53:03Z,219002177,54.916347,11.360547,0.0,Under way using engine
2026-08-21T16:53:11Z,219000809,54.913020,11.409768,8.9,Under way using engine
2026-08-21T16:53:34Z,219002177,54.916337,11.360538,0.0,Under way using engine
2026-08-21T16:53:39Z,219000811,54.916068,11.359965,0.0,Under way using engine
2026-08-21T16:53:50Z,219000809,54.914037,11.411977,9.1,Under way using engine
2026-08-21T16:54:09Z,219000811,54.916065,11.359965,0.0,Under way using engine
2026-08-21T16:54:14Z,219002177,54.916350,11.360535,0.0,Under way using engine
2026-08-21T16:54:20Z,219000809,54.914815,11.413703,9.1,Under way using engine
2026-08-21T16:54:39Z,219000811,54.916063,11.359967,0.0,Under way using engine
2026-08-21T16:54:45Z,219002177,54.916355,11.360542,0.0,Under way using engine
2026-08-21T16:54:50Z,219000809,54.915593,11.415435,9.1,Under way using engine
2026-08-21T16:55:09Z,219000811,54.916062,11.359965,0.0,Under way using engine
2026-08-21T16:55:20Z,219000809,54.916360,11.417147,9.1,Under way using engine
2026-08-21T16:55:23Z,219002177,54.916340,11.360540,0.0,Under way using engine
2026-08-21T16:55:39Z,219000811,54.916063,11.359963,0.0,Under way using engine
2026-08-21T16:55:50Z,219000809,54.917142,11.418872,9.2,Under way using engine
2026-08-21T16:55:53Z,219002177,54.916340,11.360533,0.0,Under way using engine
2026-08-21T16:56:09Z,219000811,54.916067,11.359967,0.0,Under way using engine
2026-08-21T16:56:20Z,219000809,54.917920,11.420592,9.1,Under way using engine
2026-08-21T16:56:23Z,219002177,54.916338,11.360543,0.0,Under way using engine
2026-08-21T16:56:39Z,219000811,54.916068,11.359973,0.0,Under way using engine
2026-08-21T16:56:50Z,219000809,54.918708,11.422288,9.0,Under way using engine
2026-08-21T16:56:53Z,219002177,54.916370,11.360552,0.0,Under way using engine
2026-08-21T16:57:09Z,219000811,54.916068,11.359978,0.0,Under way using engine
2026-08-21T16:57:20Z,219000809,54.919480,11.424010,9.0,Under way using engine
2026-08-21T16:57:23Z,219002177,54.916375,11.360558,0.0,Under way using engine
2026-08-21T16:57:39Z,219000811,54.916068,11.359977,0.0,Under way using engine
2026-08-21T16:57:51Z,219000809,54.920282,11.425777,9.1,Under way using engine
2026-08-21T16:57:53Z,219002177,54.916348,11.360567,0.0,Under way using engine
2026-08-21T16:58:09Z,219000811,54.916070,11.359977,0.0,Under way using engine
2026-08-21T16:58:23Z,219002177,54.916347,11.360555,0.0,Under way using engine
2026-08-21T16:58:30Z,219000809,54.921265,11.428002,9.0,Under way using engine
2026-08-21T16:58:39Z,219000811,54.916073,11.359978,0.0,Under way using engine
2026-08-21T16:58:53Z,219002177,54.916352,11.360543,0.0,Under way using engine
2026-08-21T16:59:09Z,219000811,54.916077,11.359980,0.0,Under way using engine
2026-08-21T16:59:10Z,219000809,54.922280,11.430290,9.0,Under way using engine
2026-08-21T16:59:23Z,219002177,54.916358,11.360532,0.0,Under way using engine
2026-08-21T16:59:39Z,219000811,54.916075,11.359998,0.1,Under way using engine
2026-08-21T16:59:41Z,219000809,54.923067,11.432043,8.8,Under way using engine
2026-08-21T16:59:53Z,219002177,54.916375,11.360550,0.0,Under way using engine
2026-08-21T17:00:09Z,219000811,54.916072,11.360197,0.8,Under way using engine
2026-08-21T17:00:20Z,219000809,54.924053,11.434273,9.0,Under way using engine
2026-08-21T17:00:24Z,219002177,54.916357,11.360560,0.0,Under way using engine
2026-08-21T17:00:39Z,219000811,54.916082,11.360930,3.1,Under way using engine
2026-08-21T17:00:51Z,219000809,54.924833,11.436048,9.0,Under way using engine
2026-08-21T17:01:04Z,219002177,54.916345,11.360548,0.0,Under way using engine
2026-08-21T17:01:09Z,219000811,54.916135,11.362195,5.1,Under way using engine
2026-08-21T17:01:30Z,219000809,54.925853,11.438240,8.9,Under way using engine
2026-08-21T17:01:39Z,219000811,54.916223,11.363798,6.8,Under way using engine
2026-08-21T17:01:44Z,219002177,54.916348,11.360545,0.0,Under way using engine
2026-08-21T17:02:09Z,219000811,54.916350,11.365615,7.5,Under way using engine
2026-08-21T17:02:10Z,219000809,54.926927,11.440415,8.9,Under way using engine
2026-08-21T17:02:15Z,219002177,54.916365,11.360553,0.0,Under way using engine
2026-08-21T17:02:39Z,219000811,54.916333,11.367345,7.5,Under way using engine
2026-08-21T17:02:41Z,219000809,54.927728,11.442122,8.9,Under way using engine
2026-08-21T17:02:55Z,219002177,54.916367,11.360542,0.0,Under way using engine
2026-08-21T17:03:09Z,219000811,54.915955,11.369082,7.8,Under way using engine
2026-08-21T17:03:19Z,219000809,54.928770,11.444218,8.8,Under way using engine
2026-08-21T17:03:34Z,219002177,54.916363,11.360555,0.0,Under way using engine
2026-08-21T17:03:39Z,219000811,54.915547,11.371015,8.3,Under way using engine
2026-08-21T17:03:50Z,219000809,54.929525,11.445857,8.7,Under way using engine
2026-08-21T17:04:05Z,219002177,54.916347,11.360557,0.0,Under way using engine
2026-08-21T17:04:09Z,219000811,54.914968,11.372813,8.5,Under way using engine
2026-08-21T17:04:29Z,219000809,54.930567,11.448008,8.8,Under way using engine
2026-08-21T17:04:44Z,219002177,54.916362,11.360537,0.0,Under way using engine
2026-08-21T17:04:49Z,219000811,54.914077,11.375222,8.8,Under way using engine
2026-08-21T17:04:59Z,219000809,54.931338,11.449557,8.9,Under way using engine
2026-08-21T17:05:14Z,219002177,54.916363,11.360538,0.0,Under way using engine
2026-08-21T17:05:20Z,219000811,54.913397,11.376973,9.0,Under way using engine
2026-08-21T17:05:29Z,219000809,54.932147,11.451235,8.9,Under way using engine
2026-08-21T17:05:44Z,219002177,54.916345,11.360547,0.0,Under way using engine
2026-08-21T17:05:59Z,219000809,54.932892,11.452832,8.8,Under way using engine
2026-08-21T17:06:00Z,219000811,54.912420,11.379442,9.1,Under way using engine
2026-08-21T17:06:25Z,219002177,54.916352,11.360552,0.0,Under way using engine
2026-08-21T17:06:29Z,219000809,54.933622,11.454622,8.8,Under way using engine
2026-08-21T17:06:38Z,219000811,54.911508,11.381720,9.2,Under way using engine
2026-08-21T17:06:55Z,219002177,54.916382,11.360560,0.0,Under way using engine
2026-08-21T17:07:00Z,219000809,54.934233,11.456450,8.7,Under way using engine
2026-08-21T17:07:08Z,219000811,54.910760,11.383558,9.1,Under way using engine
2026-08-21T17:07:25Z,219002177,54.916383,11.360558,0.0,Under way using engine
2026-08-21T17:07:38Z,219000811,54.910043,11.385300,8.9,Under way using engine
2026-08-21T17:07:39Z,219000809,54.934935,11.458910,8.8,Under way using engine
2026-08-21T17:07:55Z,219002177,54.916365,11.360552,0.0,Under way using engine
2026-08-21T17:08:08Z,219000811,54.909338,11.387038,8.6,Under way using engine
2026-08-21T17:08:09Z,219000809,54.935478,11.460777,8.8,Under way using engine
2026-08-21T17:08:25Z,219002177,54.916342,11.360543,0.0,Under way using engine
2026-08-21T17:08:38Z,219000811,54.908650,11.388752,8.6,Under way using engine
2026-08-21T17:08:40Z,219000809,54.936055,11.462702,8.8,Under way using engine
2026-08-21T17:09:05Z,219002177,54.916343,11.360543,0.0,Under way using engine
2026-08-21T17:09:08Z,219000811,54.907973,11.390467,8.6,Under way using engine
2026-08-21T17:09:19Z,219000809,54.936770,11.465128,8.7,Under way using engine
2026-08-21T17:09:38Z,219000811,54.907335,11.392140,8.6,Under way using engine
2026-08-21T17:09:43Z,219002177,54.916362,11.360542,0.0,Under way using engine
2026-08-21T17:09:50Z,219000809,54.937322,11.467038,8.6,Under way using engine
2026-08-21T17:10:08Z,219000811,54.906700,11.393957,8.6,Under way using engine
2026-08-21T17:10:15Z,219002177,54.916370,11.360547,0.0,Under way using engine
2026-08-21T17:10:29Z,219000809,54.938032,11.469397,8.6,Under way using engine
2026-08-21T17:10:40Z,219000811,54.906108,11.395933,8.6,Under way using engine
2026-08-21T17:10:54Z,219002177,54.916352,11.360535,0.1,Under way using engine
2026-08-21T17:11:00Z,219000809,54.938583,11.471268,8.5,Under way using engine
2026-08-21T17:11:18Z,219000811,54.905382,11.398470,9.3,Under way using engine
2026-08-21T17:11:25Z,219002177,54.916360,11.360542,0.1,Under way using engine
2026-08-21T17:11:40Z,219000809,54.939307,11.473720,8.4,Under way using engine
2026-08-21T17:11:50Z,219000811,54.904820,11.400535,8.9,Under way using engine
2026-08-21T17:12:04Z,219002177,54.916342,11.360543,0.1,Under way using engine
2026-08-21T17:12:13Z,219000809,54.939970,11.475563,8.2,Under way using engine
2026-08-21T17:12:20Z,219000811,54.904335,11.402443,8.8,Under way using engine
2026-08-21T17:12:35Z,219002177,54.916367,11.360548,0.0,Under way using engine
2026-08-21T17:12:46Z,219000809,54.940840,11.477182,8.3,Under way using engine
2026-08-21T17:12:50Z,219000811,54.903848,11.404333,8.7,Under way using engine
2026-08-21T17:13:14Z,219002177,54.916370,11.360543,0.0,Under way using engine
2026-08-21T17:13:19Z,219000809,54.941697,11.478728,8.4,Under way using engine
2026-08-21T17:13:20Z,219000811,54.903373,11.406230,8.7,Under way using engine
2026-08-21T17:13:44Z,219002177,54.916340,11.360535,0.0,Under way using engine
2026-08-21T17:13:50Z,219000809,54.942518,11.480275,8.5,Under way using engine
2026-08-21T17:13:50Z,219000811,54.902870,11.408197,8.7,Under way using engine
2026-08-21T17:14:14Z,219002177,54.916360,11.360543,0.0,Under way using engine
2026-08-21T17:14:20Z,219000811,54.902383,11.410090,8.7,Under way using engine
2026-08-21T17:14:26Z,219000809,54.943530,11.481953,8.2,Under way using engine
2026-08-21T17:14:44Z,219002177,54.916368,11.360550,0.0,Under way using engine
2026-08-21T17:14:50Z,219000811,54.901908,11.412038,8.6,Under way using engine
2026-08-21T17:14:56Z,219000809,54.944563,11.482733,8.3,Under way using engine
2026-08-21T17:15:14Z,219002177,54.916373,11.360552,0.0,Under way using engine
2026-08-21T17:15:20Z,219000811,54.901448,11.413928,8.6,Under way using engine
2026-08-21T17:15:26Z,219000809,54.945702,11.483283,8.4,Under way using engine
2026-08-21T17:15:44Z,219002177,54.916375,11.360557,0.0,Under way using engine
2026-08-21T17:15:50Z,219000811,54.900973,11.415888,8.6,Under way using engine
2026-08-21T17:15:59Z,219000809,54.946923,11.483858,8.3,Under way using engine
2026-08-21T17:16:14Z,219002177,54.916377,11.360563,0.0,Under way using engine
2026-08-21T17:16:20Z,219000811,54.900480,11.417700,8.5,Under way using engine
2026-08-21T17:16:29Z,219000809,54.948047,11.484393,8.4,Under way using engine
2026-08-21T17:16:44Z,219002177,54.916372,11.360557,0.0,Under way using engine
2026-08-21T17:16:50Z,219000811,54.899920,11.419498,8.5,Under way using engine
2026-08-21T17:16:59Z,219000809,54.949172,11.484928,8.4,Under way using engine
2026-08-21T17:17:14Z,219002177,54.916370,11.360545,0.0,Under way using engine
2026-08-21T17:17:20Z,219000811,54.899342,11.421358,8.6,Under way using engine
2026-08-21T17:17:29Z,219000809,54.950293,11.485462,8.3,Under way using engine
2026-08-21T17:17:44Z,219002177,54.916360,11.360530,0.0,Under way using engine
2026-08-21T17:17:50Z,219000811,54.898790,11.423158,8.6,Under way using engine
2026-08-21T17:17:59Z,219000809,54.951400,11.485980,8.4,Under way using engine
2026-08-21T17:18:15Z,219002177,54.916362,11.360548,0.0,Under way using engine
2026-08-21T17:18:20Z,219000811,54.898228,11.424992,8.7,Under way using engine
2026-08-21T17:18:29Z,219000809,54.952532,11.486528,8.4,Under way using engine
2026-08-21T17:18:50Z,219000811,54.897668,11.426845,8.7,Under way using engine
2026-08-21T17:18:55Z,219002177,54.916358,11.360538,0.0,Under way using engine
2026-08-21T17:18:59Z,219000809,54.953665,11.487050,8.4,Under way using engine
2026-08-21T17:19:29Z,219000809,54.954788,11.487555,8.4,Under way using engine
2026-08-21T17:19:30Z,219000811,54.896898,11.429335,8.8,Under way using engine
2026-08-21T17:19:35Z,219002177,54.916370,11.360543,0.0,Under way using engine
2026-08-21T17:20:00Z,219000809,54.955928,11.488085,8.3,Under way using engine
2026-08-21T17:20:00Z,219000811,54.896305,11.431250,8.8,Under way using engine
2026-08-21T17:20:15Z,219002177,54.916370,11.360537,0.1,Under way using engine
2026-08-21T17:20:30Z,219000811,54.895732,11.433098,8.8,Under way using engine
2026-08-21T17:20:39Z,219000809,54.957343,11.488732,8.3,Under way using engine
2026-08-21T17:20:54Z,219002177,54.916305,11.361122,3.0,Under way using engine
2026-08-21T17:21:00Z,219000811,54.895155,11.434955,8.8,Under way using engine
2026-08-21T17:21:10Z,219000809,54.958545,11.489262,8.4,Under way using engine
2026-08-21T17:21:30Z,219000811,54.894578,11.436797,8.8,Under way using engine
2026-08-21T17:21:35Z,219002177,54.916278,11.362522,4.9,Under way using engine
2026-08-21T17:21:49Z,219000809,54.960013,11.489892,8.4,Under way using engine
2026-08-21T17:22:00Z,219000811,54.893998,11.438610,8.7,Under way using engine
2026-08-21T17:22:14Z,219002177,54.916353,11.364230,5.8,Under way using engine
2026-08-21T17:22:19Z,219000809,54.961160,11.490403,8.5,Under way using engine
2026-08-21T17:22:30Z,219000811,54.893370,11.440463,8.7,Under way using engine
2026-08-21T17:22:49Z,219000809,54.962312,11.490910,8.5,Under way using engine
2026-08-21T17:22:54Z,219002177,54.916457,11.366255,6.4,Under way using engine
2026-08-21T17:23:00Z,219000811,54.892757,11.442247,8.6,Under way using engine
2026-08-21T17:23:19Z,219000809,54.963328,11.491850,8.4,Under way using engine
2026-08-21T17:23:24Z,219002177,54.916532,11.367812,6.6,Under way using engine
2026-08-21T17:23:30Z,219000811,54.892132,11.443993,8.6,Under way using engine
2026-08-21T17:23:49Z,219000809,54.964273,11.493103,8.6,Under way using engine
2026-08-21T17:23:54Z,219002177,54.916652,11.369410,6.6,Under way using engine
2026-08-21T17:24:00Z,219000811,54.891508,11.445730,8.6,Under way using engine
2026-08-21T17:24:19Z,219000809,54.965213,11.494363,8.6,Under way using engine
2026-08-21T17:24:24Z,219002177,54.916982,11.370823,6.1,Under way using engine
2026-08-21T17:24:39Z,219000811,54.890670,11.448032,8.6,Under way using engine
2026-08-21T17:24:49Z,219000809,54.966168,11.495658,8.9,Under way using engine
2026-08-21T17:24:54Z,219002177,54.917602,11.371338,4.9,Under way using engine
2026-08-21T17:25:09Z,219000811,54.890020,11.449727,8.7,Under way using engine
2026-08-21T17:25:19Z,219000809,54.967132,11.496963,8.7,Under way using engine
2026-08-21T17:25:24Z,219002177,54.918335,11.371412,5.5,Under way using engine
2026-08-21T17:25:39Z,219000811,54.889343,11.451453,8.7,Under way using engine
2026-08-21T17:25:49Z,219000809,54.968102,11.498260,8.8,Under way using engine
2026-08-21T17:25:54Z,219002177,54.919135,11.371518,5.8,Under way using engine
2026-08-21T17:26:09Z,219000811,54.888647,11.453247,8.7,Under way using engine
2026-08-21T17:26:19Z,219000809,54.969075,11.499582,8.9,Under way using engine
2026-08-21T17:26:24Z,219002177,54.919960,11.371643,6.1,Under way using engine
2026-08-21T17:26:39Z,219000811,54.887952,11.454952,8.8,Under way using engine
2026-08-21T17:26:49Z,219000809,54.970035,11.500902,8.8,Under way using engine
2026-08-21T17:26:54Z,219002177,54.920805,11.371768,6.2,Under way using engine
2026-08-21T17:27:10Z,219000811,54.887182,11.456745,8.9,Under way using engine
2026-08-21T17:27:19Z,219000809,54.970985,11.502227,8.8,Under way using engine
2026-08-21T17:27:24Z,219002177,54.921677,11.371903,6.3,Under way using engine
2026-08-21T17:27:48Z,219000811,54.886228,11.458943,9.0,Under way using engine
2026-08-21T17:27:49Z,219000809,54.971807,11.503782,8.8,Under way using engine
2026-08-21T17:27:54Z,219002177,54.922573,11.372022,6.5,Under way using engine
2026-08-21T17:28:20Z,219000811,54.885443,11.460725,9.0,Under way using engine
2026-08-21T17:28:23Z,219000809,54.972303,11.505933,8.5,Under way using engine
2026-08-21T17:28:25Z,219002177,54.923473,11.372168,6.5,Under way using engine
2026-08-21T17:28:53Z,219000809,54.972242,11.507957,8.5,Under way using engine
2026-08-21T17:28:59Z,219000811,54.884467,11.462990,8.7,Under way using engine
2026-08-21T17:29:05Z,219002177,54.924687,11.372380,6.7,Under way using engine
2026-08-21T17:29:30Z,219000809,54.972067,11.510438,8.1,Under way using engine
2026-08-21T17:29:35Z,219002177,54.925630,11.372582,6.7,Under way using engine
2026-08-21T17:29:39Z,219000811,54.883503,11.465213,8.6,Under way using engine
2026-08-21T17:30:05Z,219002177,54.926525,11.372783,6.8,Under way using engine
2026-08-21T17:30:09Z,219000809,54.971908,11.512453,5.5,Under way using engine
2026-08-21T17:30:10Z,219000811,54.882847,11.466955,8.4,Under way using engine
2026-08-21T17:30:35Z,219002177,54.927485,11.373018,6.8,Under way using engine
2026-08-21T17:30:39Z,219000809,54.971903,11.513445,3.4,Under way using engine
2026-08-21T17:30:48Z,219000811,54.882140,11.469253,8.3,Under way using engine
2026-08-21T17:31:05Z,219002177,54.928367,11.373210,6.7,Under way using engine
2026-08-21T17:31:09Z,219000809,54.971908,11.514022,2.1,Under way using engine
2026-08-21T17:31:19Z,219000811,54.881700,11.471117,8.2,Under way using engine
2026-08-21T17:31:35Z,219002177,54.929312,11.373408,6.6,Under way using engine
2026-08-21T17:31:39Z,219000809,54.971920,11.514382,1.1,Under way using engine
2026-08-21T17:31:52Z,219000811,54.881533,11.473263,8.2,Under way using engine
2026-08-21T17:32:05Z,219002177,54.930130,11.373225,6.1,Under way using engine
2026-08-21T17:32:09Z,219000809,54.971908,11.514487,0.3,Under way using engine
2026-08-21T17:32:28Z,219000811,54.881408,11.475632,8.2,Under way using engine
2026-08-21T17:32:35Z,219002177,54.930955,11.372935,6.2,Under way using engine
2026-08-21T17:32:39Z,219000809,54.971902,11.514548,0.1,Under way using engine
2026-08-21T17:32:59Z,219000811,54.881295,11.477545,7.7,Under way using engine
2026-08-21T17:33:05Z,219002177,54.931795,11.372642,6.2,Under way using engine
2026-08-21T17:33:09Z,219000809,54.971883,11.514557,0.1,Under way using engine
2026-08-21T17:33:32Z,219000811,54.881520,11.479493,7.3,Under way using engine
2026-08-21T17:33:35Z,219002177,54.932642,11.372357,6.2,Under way using engine
2026-08-21T17:33:39Z,219000809,54.971910,11.514572,0.0,Under way using engine
2026-08-21T17:34:03Z,219000811,54.881947,11.480990,6.9,Under way using engine
2026-08-21T17:34:05Z,219002177,54.933485,11.372055,6.2,Under way using engine
2026-08-21T17:34:09Z,219000809,54.971917,11.514572,0.0,Under way using engine
2026-08-21T17:34:33Z,219000811,54.882542,11.482140,6.4,Under way using engine
2026-08-21T17:34:35Z,219002177,54.934307,11.371732,6.1,Under way using engine
2026-08-21T17:34:39Z,219000809,54.971902,11.514563,0.0,Under way using engine
2026-08-21T17:35:03Z,219000811,54.883105,11.482910,5.2,Under way using engine
2026-08-21T17:35:05Z,219002177,54.935122,11.371580,5.6,Under way using engine
2026-08-21T17:35:09Z,219000809,54.971903,11.514570,0.0,Under way using engine
2026-08-21T17:35:33Z,219000811,54.883650,11.483202,4.1,Under way using engine
2026-08-21T17:35:35Z,219002177,54.935672,11.371715,2.9,Under way using engine
2026-08-21T17:35:39Z,219000809,54.971902,11.514577,0.0,Under way using engine
2026-08-21T17:36:03Z,219000811,54.884038,11.483293,2.8,Under way using engine
2026-08-21T17:36:05Z,219002177,54.935833,11.371858,1.1,Under way using engine
2026-08-21T17:36:10Z,219000809,54.971903,11.514568,0.0,Under way using engine
2026-08-21T17:36:33Z,219000811,54.884225,11.483292,1.3,Under way using engine
2026-08-21T17:36:35Z,219002177,54.935953,11.371955,0.7,Under way using engine
2026-08-21T17:36:49Z,219000809,54.971902,11.514567,0.0,Under way using engine
2026-08-21T17:37:05Z,219002177,54.935960,11.371967,0.0,Under way using engine
2026-08-21T17:37:10Z,219000811,54.884313,11.483277,0.4,Under way using engine
2026-08-21T17:37:21Z,219000809,54.971900,11.514562,0.0,Under way using engine
2026-08-21T17:37:35Z,219002177,54.935957,11.371977,0.0,Under way using engine
2026-08-21T17:37:49Z,219000811,54.884328,11.483278,0.0,Under way using engine
2026-08-21T17:38:00Z,219000809,54.971898,11.514573,0.0,Under way using engine
2026-08-21T17:38:13Z,219002177,54.935958,11.371965,0.0,Under way using engine
2026-08-21T17:38:19Z,219000811,54.884328,11.483282,0.0,Under way using engine
2026-08-21T17:38:30Z,219000809,54.971877,11.514563,0.0,Under way using engine
2026-08-21T17:38:44Z,219002177,54.935958,11.371967,0.0,Under way using engine
2026-08-21T17:38:49Z,219000811,54.884328,11.483285,0.0,Under way using engine
2026-08-21T17:39:00Z,219000809,54.971887,11.514543,0.0,Under way using engine
2026-08-21T17:39:19Z,219000811,54.884328,11.483288,0.0,Under way using engine
2026-08-21T17:39:24Z,219002177,54.935972,11.371977,0.0,Under way using engine
2026-08-21T17:39:30Z,219000809,54.971898,11.514552,0.1,Under way using engine
2026-08-21T17:39:49Z,219000811,54.884330,11.483288,0.0,Under way using engine
2026-08-21T17:40:00Z,219000809,54.971903,11.514558,0.0,Under way using engine
2026-08-21T17:40:04Z,219002177,54.935967,11.371977,0.0,Under way using engine
2026-08-21T17:40:19Z,219000811,54.884330,11.483290,0.0,Under way using engine
2026-08-21T17:40:30Z,219000809,54.971905,11.514585,0.0,Under way using engine
2026-08-21T17:40:34Z,219002177,54.935957,11.371977,0.0,Under way using engine
2026-08-21T17:40:49Z,219000811,54.884332,11.483290,0.0,Under way using engine
2026-08-21T17:41:00Z,219000809,54.971895,11.514565,0.0,Under way using engine
2026-08-21T17:41:04Z,219002177,54.935958,11.371977,0.0,Under way using engine
2026-08-21T17:41:19Z,219000811,54.884332,11.483292,0.0,Under way using engine
2026-08-21T17:41:34Z,219002177,54.935953,11.371978,0.0,Under way using engine
2026-08-21T17:41:39Z,219000809,54.971888,11.514562,0.1,Under way using engine
2026-08-21T17:41:49Z,219000811,54.884332,11.483292,0.0,Under way using engine
2026-08-21T17:42:04Z,219002177,54.935952,11.371975,0.0,Under way using engine
2026-08-21T17:42:09Z,219000809,54.971897,11.514562,0.0,Under way using engine
2026-08-21T17:42:19Z,219000811,54.884332,11.483290,0.0,Under way using engine
2026-08-21T17:42:34Z,219002177,54.935952,11.371982,0.0,Under way using engine
2026-08-21T17:42:40Z,219000809,54.971903,11.514555,0.0,Under way using engine
2026-08-21T17:42:49Z,219000811,54.884332,11.483288,0.0,Under way using engine
2026-08-21T17:43:04Z,219002177,54.935947,11.371975,0.0,Under way using engine
2026-08-21T17:43:19Z,219000811,54.884332,11.483288,0.0,Under way using engine
2026-08-21T17:43:20Z,219000809,54.971890,11.514583,0.0,Under way using engine
2026-08-21T17:43:34Z,219002177,54.935948,11.371977,0.0,Under way using engine
2026-08-21T17:43:49Z,219000811,54.884330,11.483287,0.0,Under way using engine
2026-08-21T17:43:50Z,219000809,54.971898,11.514578,0.0,Under way using engine
2026-08-21T17:44:04Z,219002177,54.935952,11.371980,0.0,Under way using engine
2026-08-21T17:44:19Z,219000811,54.884328,11.483285,0.0,Under way using engine
2026-08-21T17:44:20Z,219000809,54.971905,11.514572,0.0,Under way using engine
2026-08-21T17:44:34Z,219002177,54.935953,11.371968,0.0,Under way using engine
2026-08-21T17:44:50Z,219000809,54.971900,11.514567,0.0,Under way using engine
2026-08-21T17:44:50Z,219000811,54.884327,11.483282,0.0,Under way using engine
2026-08-21T17:45:14Z,219002177,54.935775,11.371848,2.2,Under way using engine
2026-08-21T17:45:20Z,219000809,54.971900,11.514562,0.0,Under way using engine
2026-08-21T17:45:20Z,219000811,54.884328,11.483282,0.0,Under way using engine
2026-08-21T17:45:44Z,219002177,54.935352,11.371488,4.0,Under way using engine
2026-08-21T17:45:50Z,219000809,54.971902,11.514568,0.0,Under way using engine
2026-08-21T17:45:50Z,219000811,54.884328,11.483280,0.0,Under way using engine
2026-08-21T17:46:14Z,219002177,54.934725,11.370982,5.1,Under way using engine
2026-08-21T17:46:20Z,219000809,54.971908,11.514575,0.0,Under way using engine
2026-08-21T17:46:20Z,219000811,54.884328,11.483278,0.0,Under way using engine
2026-08-21T17:46:44Z,219002177,54.934003,11.370877,5.7,Under way using engine
2026-08-21T17:46:50Z,219000809,54.971903,11.514580,0.0,Under way using engine
2026-08-21T17:46:50Z,219000811,54.884328,11.483278,0.0,Under way using engine
2026-08-21T17:47:14Z,219002177,54.933108,11.371032,6.6,Under way using engine
2026-08-21T17:47:20Z,219000811,54.884328,11.483278,0.0,Under way using engine
2026-08-21T17:47:40Z,219000809,54.971895,11.514590,0.0,Under way using engine
2026-08-21T17:47:50Z,219000811,54.884328,11.483282,0.0,Under way using engine
2026-08-21T17:47:54Z,219002177,54.931823,11.371203,7.1,Under way using engine
2026-08-21T17:48:19Z,219000809,54.971902,11.514590,0.0,Under way using engine
2026-08-21T17:48:20Z,219000811,54.884327,11.483283,0.0,Under way using engine
2026-08-21T17:48:24Z,219002177,54.930852,11.371360,7.4,Under way using engine
2026-08-21T17:48:50Z,219000809,54.971905,11.514583,0.0,Under way using engine
2026-08-21T17:48:54Z,219002177,54.929795,11.371527,7.5,Under way using engine
2026-08-21T17:48:58Z,219000811,54.884327,11.483285,0.0,Under way using engine
2026-08-21T17:49:24Z,219002177,54.928793,11.371682,7.5,Under way using engine
2026-08-21T17:49:29Z,219000811,54.884325,11.483285,0.0,Under way using engine
2026-08-21T17:49:30Z,219000809,54.971902,11.514565,0.0,Under way using engine
2026-08-21T17:49:54Z,219002177,54.927710,11.371858,7.6,Under way using engine
2026-08-21T17:50:01Z,219000809,54.971903,11.514570,0.0,Under way using engine
2026-08-21T17:50:09Z,219000811,54.884325,11.483285,0.0,Under way using engine
2026-08-21T17:50:24Z,219002177,54.926702,11.372045,7.6,Under way using engine
2026-08-21T17:50:40Z,219000811,54.884323,11.483287,0.0,Under way using engine
2026-08-21T17:50:50Z,219000809,54.971912,11.514563,0.0,Under way using engine
2026-08-21T17:50:54Z,219002177,54.925615,11.372230,7.6,Under way using engine
2026-08-21T17:51:19Z,219000811,54.884323,11.483285,0.0,Under way using engine
2026-08-21T17:51:24Z,219002177,54.924602,11.372407,7.6,Under way using engine
2026-08-21T17:51:30Z,219000809,54.971907,11.514562,0.0,Under way using engine
2026-08-21T17:51:49Z,219000811,54.884323,11.483288,0.0,Under way using engine
2026-08-21T17:51:54Z,219002177,54.923522,11.372622,7.6,Under way using engine
2026-08-21T17:52:00Z,219000809,54.971898,11.514563,0.0,Under way using engine
2026-08-21T17:52:19Z,219000811,54.884323,11.483288,0.0,Under way using engine
2026-08-21T17:52:24Z,219002177,54.922505,11.372827,7.6,Under way using engine
2026-08-21T17:52:30Z,219000809,54.971902,11.514573,0.0,Under way using engine
2026-08-21T17:52:49Z,219000811,54.884325,11.483287,0.0,Under way using engine
2026-08-21T17:52:55Z,219002177,54.921420,11.373002,7.6,Under way using engine
2026-08-21T17:53:00Z,219000809,54.971902,11.514570,0.0,Under way using engine
2026-08-21T17:53:19Z,219000811,54.884327,11.483285,0.0,Under way using engine
2026-08-21T17:53:33Z,219002177,54.920152,11.372825,7.0,Under way using engine
2026-08-21T17:53:40Z,219000809,54.971902,11.514573,0.0,Under way using engine
2026-08-21T17:53:49Z,219000811,54.884323,11.483285,0.0,Under way using engine
2026-08-21T17:54:04Z,219002177,54.919173,11.372445,7.0,Under way using engine
2026-08-21T17:54:10Z,219000809,54.971893,11.514568,0.0,Under way using engine
2026-08-21T17:54:19Z,219000811,54.884322,11.483285,0.0,Under way using engine
2026-08-21T17:54:43Z,219002177,54.917942,11.371963,6.9,Under way using engine
2026-08-21T17:54:49Z,219000811,54.884312,11.483288,0.0,Under way using engine
2026-08-21T17:54:50Z,219000809,54.971893,11.514572,0.0,Under way using engine
2026-08-21T17:55:15Z,219002177,54.917098,11.371330,5.9,Under way using engine
2026-08-21T17:55:19Z,219000811,54.884067,11.483330,1.8,Under way using engine
2026-08-21T17:55:29Z,219000809,54.971905,11.514565,0.0,Under way using engine
2026-08-21T17:55:49Z,219000811,54.883417,11.483512,4.8,Under way using engine
2026-08-21T17:55:55Z,219002177,54.916838,11.369737,5.5,Under way using engine
2026-08-21T17:55:59Z,219000809,54.971905,11.514562,0.0,Under way using engine
2026-08-21T17:56:20Z,219000811,54.883062,11.483810,2.5,Under way using engine
2026-08-21T17:56:29Z,219000809,54.971905,11.514568,0.0,Under way using engine
2026-08-21T17:56:33Z,219002177,54.916713,11.367908,6.1,Under way using engine
2026-08-21T17:56:52Z,219000811,54.882453,11.482965,5.3,Under way using engine
2026-08-21T17:56:59Z,219000809,54.971895,11.514563,0.0,Under way using engine
2026-08-21T17:57:04Z,219002177,54.916587,11.366372,6.3,Under way using engine
2026-08-21T17:57:22Z,219000811,54.881832,11.481570,7.4,Under way using engine
2026-08-21T17:57:30Z,219000809,54.971900,11.514575,0.0,Under way using engine
2026-08-21T17:57:43Z,219002177,54.916393,11.364400,6.4,Under way using engine
2026-08-21T17:57:53Z,219000811,54.881365,11.479757,7.9,Under way using engine
2026-08-21T17:58:09Z,219000809,54.971907,11.514568,0.0,Under way using engine
2026-08-21T17:58:15Z,219002177,54.916327,11.362843,6.0,Under way using engine
2026-08-21T17:58:26Z,219000811,54.881137,11.477753,8.0,Under way using engine
2026-08-21T17:58:51Z,219000809,54.971902,11.514562,0.0,Under way using engine
2026-08-21T17:58:55Z,219002177,54.916368,11.361363,3.7,Under way using engine
2026-08-21T17:59:00Z,219000811,54.881095,11.475480,8.1,Under way using engine
2026-08-21T17:59:30Z,219000809,54.971890,11.514573,0.0,Under way using engine
2026-08-21T17:59:33Z,219000811,54.881452,11.473453,8.1,Under way using engine
2026-08-21T17:59:33Z,219002177,54.916360,11.360703,1.5,Under way using engine
2026-08-21T18:00:03Z,219000811,54.881922,11.471628,8.1,Under way using engine
2026-08-21T18:00:04Z,219002177,54.916353,11.360527,0.1,Under way using engine
2026-08-21T18:00:09Z,219000809,54.971900,11.514573,0.0,Under way using engine
2026-08-21T18:00:39Z,219000811,54.882478,11.469673,7.6,Under way using engine
2026-08-21T18:00:40Z,219000809,54.971897,11.514565,0.0,Under way using engine
2026-08-21T18:00:44Z,219002177,54.916358,11.360525,0.0,Under way using engine
2026-08-21T18:01:09Z,219000811,54.882972,11.467943,7.8,Under way using engine
2026-08-21T18:01:15Z,219002177,54.916367,11.360537,0.0,Under way using engine
2026-08-21T18:01:20Z,219000809,54.971892,11.514567,0.0,Under way using engine
2026-08-21T18:01:39Z,219000811,54.883438,11.466285,8.0,Under way using engine
2026-08-21T18:01:50Z,219000809,54.971897,11.514567,0.0,Under way using engine
2026-08-21T18:01:55Z,219002177,54.916367,11.360537,0.0,Under way using engine
2026-08-21T18:02:09Z,219000811,54.884057,11.464462,8.5,Under way using engine
2026-08-21T18:02:20Z,219000809,54.971898,11.514573,0.0,Under way using engine
2026-08-21T18:02:34Z,219002177,54.916353,11.360530,0.0,Under way using engine
2026-08-21T18:02:39Z,219000811,54.884658,11.462722,8.5,Under way using engine
2026-08-21T18:02:50Z,219000809,54.971905,11.514572,0.0,Under way using engine
2026-08-21T18:03:05Z,219002177,54.916348,11.360530,0.0,Under way using engine
2026-08-21T18:03:09Z,219000811,54.885305,11.461017,8.3,Under way using engine
2026-08-21T18:03:20Z,219000809,54.971900,11.514563,0.0,Under way using engine
2026-08-21T18:03:39Z,219000811,54.885967,11.459358,8.2,Under way using engine
2026-08-21T18:03:44Z,219002177,54.916350,11.360528,0.0,Under way using engine
2026-08-21T18:03:50Z,219000809,54.971893,11.514565,0.0,Under way using engine
2026-08-21T18:04:09Z,219000811,54.886583,11.457850,8.0,Under way using engine
2026-08-21T18:04:15Z,219002177,54.916350,11.360532,0.0,Under way using engine
2026-08-21T18:04:20Z,219000809,54.971892,11.514580,0.0,Under way using engine
2026-08-21T18:04:39Z,219000811,54.887223,11.456318,7.9,Under way using engine
2026-08-21T18:04:50Z,219000809,54.971893,11.514578,0.0,Under way using engine
2026-08-21T18:04:55Z,219002177,54.916353,11.360532,0.0,Under way using engine
2026-08-21T18:05:09Z,219000811,54.887872,11.454803,7.8,Under way using engine
2026-08-21T18:05:29Z,219000809,54.971897,11.514587,0.0,Under way using engine
2026-08-21T18:05:35Z,219002177,54.916352,11.360540,0.0,Under way using engine
2026-08-21T18:05:39Z,219000811,54.888460,11.453115,7.9,Under way using engine
2026-08-21T18:06:00Z,219000809,54.971898,11.514583,0.0,Under way using engine
2026-08-21T18:06:05Z,219002177,54.916352,11.360518,0.0,Under way using engine
2026-08-21T18:06:09Z,219000811,54.889053,11.451432,8.0,Under way using engine
2026-08-21T18:06:35Z,219002177,54.916347,11.360517,0.0,Under way using engine
2026-08-21T18:06:39Z,219000811,54.889607,11.449830,8.1,Under way using engine
2026-08-21T18:06:40Z,219000809,54.971900,11.514572,0.0,Under way using engine
2026-08-21T18:07:05Z,219002177,54.916348,11.360527,0.0,Under way using engine
2026-08-21T18:07:09Z,219000811,54.890203,11.448107,8.1,Under way using engine
2026-08-21T18:07:19Z,219000809,54.971893,11.514575,0.0,Under way using engine
2026-08-21T18:07:35Z,219002177,54.916358,11.360533,0.0,Under way using engine
2026-08-21T18:07:39Z,219000811,54.890783,11.446433,8.2,Under way using engine
2026-08-21T18:07:50Z,219000809,54.971893,11.514568,0.0,Under way using engine
2026-08-21T18:08:05Z,219002177,54.916360,11.360542,0.0,Under way using engine
2026-08-21T18:08:09Z,219000811,54.891387,11.444692,8.2,Under way using engine
2026-08-21T18:08:30Z,219000809,54.971895,11.514572,0.0,Under way using engine
2026-08-21T18:08:35Z,219002177,54.916365,11.360535,0.0,Under way using engine
2026-08-21T18:08:39Z,219000811,54.891945,11.443085,8.2,Under way using engine
2026-08-21T18:09:00Z,219000809,54.971897,11.514580,0.0,Under way using engine
2026-08-21T18:09:05Z,219002177,54.916358,11.360537,0.0,Under way using engine
2026-08-21T18:09:09Z,219000811,54.892528,11.441393,8.2,Under way using engine
2026-08-21T18:09:30Z,219000809,54.971900,11.514578,0.0,Under way using engine
2026-08-21T18:09:35Z,219002177,54.916358,11.360537,0.0,Under way using engine
2026-08-21T18:09:39Z,219000811,54.893133,11.439655,8.2,Under way using engine
2026-08-21T18:10:05Z,219002177,54.916353,11.360625,0.9,Under way using engine
2026-08-21T18:10:09Z,219000809,54.971892,11.514583,0.0,Under way using engine
2026-08-21T18:10:09Z,219000811,54.893720,11.437975,8.2,Under way using engine
2026-08-21T18:10:35Z,219002177,54.916283,11.361312,3.7,Under way using engine
2026-08-21T18:10:39Z,219000809,54.971887,11.514587,0.0,Under way using engine
2026-08-21T18:10:39Z,219000811,54.894307,11.436300,8.2,Under way using engine
2026-08-21T18:11:05Z,219002177,54.916258,11.362475,5.2,Under way using engine
2026-08-21T18:11:09Z,219000809,54.971887,11.514582,0.0,Under way using engine
2026-08-21T18:11:09Z,219000811,54.894910,11.434585,8.2,Under way using engine
2026-08-21T18:11:35Z,219002177,54.916245,11.363885,6.0,Under way using engine
2026-08-21T18:11:39Z,219000809,54.971893,11.514575,0.0,Under way using engine
2026-08-21T18:11:39Z,219000811,54.895505,11.432907,8.2,Under way using engine
2026-08-21T18:12:05Z,219002177,54.916398,11.365370,6.5,Under way using engine
2026-08-21T18:12:09Z,219000809,54.971893,11.514568,0.0,Under way using engine
2026-08-21T18:12:09Z,219000811,54.896105,11.431222,8.2,Under way using engine
2026-08-21T18:12:35Z,219002177,54.916568,11.366997,7.0,Under way using engine
2026-08-21T18:12:39Z,219000809,54.971898,11.514563,0.0,Under way using engine
2026-08-21T18:12:39Z,219000811,54.896697,11.429533,8.2,Under way using engine
2026-08-21T18:13:05Z,219002177,54.916765,11.368668,7.2,Under way using engine
2026-08-21T18:13:09Z,219000809,54.971898,11.514553,0.0,Under way using engine
2026-08-21T18:13:29Z,219000811,54.897690,11.426715,8.2,Under way using engine
2026-08-21T18:13:35Z,219002177,54.916992,11.370392,7.2,Under way using engine
2026-08-21T18:13:39Z,219000809,54.971880,11.514560,0.0,Under way using engine
2026-08-21T18:14:00Z,219000811,54.898280,11.425018,8.2,Under way using engine
2026-08-21T18:14:05Z,219002177,54.917597,11.371383,5.7,Under way using engine
2026-08-21T18:14:20Z,219000809,54.971883,11.514562,0.0,Under way using engine
2026-08-21T18:14:35Z,219002177,54.918418,11.371613,6.3,Under way using engine
2026-08-21T18:14:40Z,219000811,54.899078,11.422715,8.3,Under way using engine
2026-08-21T18:14:50Z,219000809,54.971878,11.514573,0.0,Under way using engine
2026-08-21T18:15:05Z,219002177,54.919330,11.371888,6.8,Under way using engine
2026-08-21T18:15:20Z,219000809,54.971875,11.514580,0.0,Under way using engine
2026-08-21T18:15:20Z,219000811,54.899883,11.420398,8.3,Under way using engine
2026-08-21T18:15:45Z,219002177,54.920622,11.372255,7.2,Under way using engine
2026-08-21T18:15:50Z,219000809,54.971882,11.514578,0.0,Under way using engine
2026-08-21T18:15:59Z,219000811,54.900660,11.418162,8.3,Under way using engine
2026-08-21T18:16:20Z,219000809,54.971885,11.514573,0.0,Under way using engine
2026-08-21T18:16:29Z,219000811,54.901253,11.416478,8.3,Under way using engine
2026-08-21T18:16:33Z,219002177,54.922247,11.372798,7.4,Under way using engine
2026-08-21T18:16:50Z,219000809,54.971883,11.514567,0.0,Under way using engine
2026-08-21T18:16:59Z,219000811,54.901853,11.414752,8.3,Under way using engine
2026-08-21T18:17:04Z,219002177,54.923245,11.373120,7.4,Under way using engine
2026-08-21T18:17:20Z,219000809,54.971887,11.514577,0.0,Under way using engine
2026-08-21T18:17:29Z,219000811,54.902458,11.413068,8.2,Under way using engine
2026-08-21T18:17:45Z,219002177,54.924620,11.373577,7.4,Under way using engine
2026-08-21T18:17:59Z,219000809,54.971877,11.514583,0.0,Under way using engine
2026-08-21T18:17:59Z,219000811,54.903022,11.411370,8.2,Under way using engine
2026-08-21T18:18:25Z,219002177,54.925930,11.373822,6.8,Under way using engine
2026-08-21T18:18:29Z,219000809,54.971883,11.514575,0.0,Under way using engine
2026-08-21T18:18:29Z,219000811,54.903560,11.409663,8.2,Under way using engine
2026-08-21T18:18:59Z,219000809,54.971887,11.514572,0.0,Under way using engine
2026-08-21T18:19:00Z,219000811,54.904152,11.407785,8.1,Under way using engine
2026-08-21T18:19:04Z,219002177,54.927153,11.373508,7.0,Under way using engine
2026-08-21T18:19:30Z,219000809,54.971895,11.514557,0.0,Under way using engine
2026-08-21T18:19:40Z,219000811,54.904850,11.405565,8.1,Under way using engine
2026-08-21T18:19:45Z,219002177,54.928465,11.373183,7.0,Under way using engine
2026-08-21T18:20:10Z,219000809,54.971915,11.514558,0.0,Under way using engine
2026-08-21T18:20:10Z,219000811,54.905398,11.403850,8.1,Under way using engine
2026-08-21T18:20:15Z,219002177,54.929412,11.372960,6.9,Under way using engine
2026-08-21T18:20:40Z,219000811,54.905933,11.402122,8.0,Under way using engine
2026-08-21T18:20:41Z,219000809,54.971905,11.514582,0.0,Under way using engine
2026-08-21T18:20:45Z,219002177,54.930368,11.372693,6.9,Under way using engine
2026-08-21T18:21:10Z,219000811,54.906462,11.400375,8.0,Under way using engine
2026-08-21T18:21:12Z,219000809,54.971905,11.514583,0.0,Under way using engine
2026-08-21T18:21:15Z,219002177,54.931298,11.372468,6.9,Under way using engine
2026-08-21T18:21:40Z,219000811,54.906935,11.398740,8.1,Under way using engine
2026-08-21T18:21:49Z,219000809,54.971893,11.514580,0.0,Under way using engine
2026-08-21T18:22:04Z,219002177,54.932840,11.372032,6.9,Under way using engine
2026-08-21T18:22:10Z,219000811,54.907445,11.397027,7.8,Under way using engine
2026-08-21T18:22:20Z,219000809,54.971893,11.514573,0.0,Under way using engine
2026-08-21T18:22:35Z,219002177,54.933803,11.371742,6.8,Under way using engine
2026-08-21T18:22:50Z,219000811,54.908148,11.394838,7.7,Under way using engine
2026-08-21T18:23:00Z,219000809,54.971892,11.514577,0.0,Under way using engine
2026-08-21T18:23:15Z,219002177,54.935003,11.371462,6.3,Under way using engine
2026-08-21T18:23:29Z,219000811,54.908808,11.392695,7.8,Under way using engine
2026-08-21T18:23:30Z,219000809,54.971890,11.514570,0.0,Under way using engine
2026-08-21T18:23:59Z,219000811,54.909313,11.391183,7.6,Under way using engine
2026-08-21T18:24:00Z,219000809,54.971893,11.514562,0.0,Under way using engine
2026-08-21T18:24:03Z,219002177,54.935770,11.371803,2.0,Under way using engine
2026-08-21T18:24:29Z,219000811,54.909857,11.389637,7.6,Under way using engine
2026-08-21T18:24:30Z,219000809,54.971895,11.514573,0.0,Under way using engine
2026-08-21T18:24:35Z,219002177,54.935927,11.371925,1.0,Under way using engine
2026-08-21T18:24:59Z,219000811,54.910417,11.388023,7.5,Under way using engine
2026-08-21T18:25:00Z,219000809,54.971897,11.514573,0.0,Under way using engine
2026-08-21T18:25:15Z,219002177,54.935962,11.371957,0.0,Under way using engine
2026-08-21T18:25:29Z,219000811,54.910960,11.386448,7.5,Under way using engine
2026-08-21T18:25:30Z,219000809,54.971907,11.514575,0.0,Under way using engine
2026-08-21T18:26:00Z,219000809,54.971900,11.514580,0.0,Under way using engine
2026-08-21T18:26:03Z,219002177,54.935958,11.371933,0.0,Under way using engine
2026-08-21T18:26:09Z,219000811,54.911663,11.384432,7.5,Under way using engine
2026-08-21T18:26:30Z,219000809,54.971903,11.514575,0.0,Under way using engine
2026-08-21T18:26:33Z,219002177,54.935950,11.371952,0.0,Under way using engine
2026-08-21T18:26:39Z,219000811,54.912197,11.382867,7.6,Under way using engine
2026-08-21T18:27:00Z,219000809,54.971913,11.514563,0.0,Under way using engine
2026-08-21T18:27:03Z,219002177,54.935943,11.371953,0.0,Under way using engine
2026-08-21T18:27:09Z,219000811,54.912762,11.381248,7.6,Under way using engine
2026-08-21T18:27:30Z,219000809,54.971913,11.514553,0.0,Under way using engine
2026-08-21T18:27:33Z,219002177,54.935900,11.371907,0.8,Under way using engine
2026-08-21T18:27:39Z,219000811,54.913303,11.379752,7.7,Under way using engine
2026-08-21T18:28:03Z,219002177,54.935620,11.371698,3.0,Under way using engine
2026-08-21T18:28:09Z,219000811,54.913912,11.378160,7.7,Under way using engine
2026-08-21T18:28:10Z,219000809,54.971895,11.514570,0.0,Under way using engine
2026-08-21T18:28:33Z,219002177,54.935122,11.371272,4.4,Under way using engine
2026-08-21T18:28:39Z,219000811,54.914517,11.376555,7.8,Under way using engine
2026-08-21T18:28:49Z,219000809,54.971868,11.514588,0.0,Under way using engine
2026-08-21T18:29:03Z,219002177,54.934460,11.371083,5.1,Under way using engine
2026-08-21T18:29:09Z,219000811,54.915118,11.375005,7.9,Under way using engine
2026-08-21T18:29:19Z,219000809,54.971875,11.514582,0.0,Under way using engine
2026-08-21T18:29:33Z,219002177,54.933655,11.371187,6.1,Under way using engine
2026-08-21T18:29:40Z,219000811,54.915757,11.373393,7.9,Under way using engine
2026-08-21T18:29:49Z,219000809,54.971878,11.514580,0.0,Under way using engine
2026-08-21T18:30:04Z,219002177,54.932762,11.371298,6.7,Under way using engine
2026-08-21T18:30:13Z,219000811,54.916203,11.371515,7.8,Under way using engine
2026-08-21T18:30:19Z,219000809,54.971918,11.514572,0.0,Under way using engine
2026-08-21T18:30:44Z,219002177,54.931438,11.371452,7.1,Under way using engine
2026-08-21T18:30:49Z,219000809,54.971928,11.514572,0.0,Under way using engine
2026-08-21T18:30:59Z,219000811,54.916613,11.368582,8.1,Under way using engine
2026-08-21T18:31:14Z,219002177,54.930432,11.371583,7.3,Under way using engine
2026-08-21T18:31:19Z,219000809,54.971917,11.514577,0.0,Under way using engine
2026-08-21T18:31:29Z,219000811,54.916610,11.366585,8.1,Under way using engine
2026-08-21T18:31:44Z,219002177,54.929420,11.371708,7.4,Under way using engine
2026-08-21T18:31:49Z,219000809,54.971928,11.514560,0.0,Under way using engine
2026-08-21T18:31:59Z,219000811,54.916485,11.364702,7.9,Under way using engine
2026-08-21T18:32:14Z,219002177,54.928397,11.371850,7.4,Under way using engine
2026-08-21T18:32:19Z,219000809,54.971923,11.514558,0.0,Under way using engine
2026-08-21T18:32:29Z,219000811,54.916363,11.363080,7.1,Under way using engine
2026-08-21T18:32:44Z,219002177,54.927370,11.372007,7.4,Under way using engine
2026-08-21T18:32:49Z,219000809,54.971923,11.514560,0.0,Under way using engine
2026-08-21T18:32:59Z,219000811,54.916257,11.361537,6.3,Under way using engine
2026-08-21T18:33:14Z,219002177,54.926347,11.372162,7.4,Under way using engine
2026-08-21T18:33:20Z,219000809,54.971900,11.514565,0.0,Under way using engine
2026-08-21T18:33:29Z,219000811,54.915980,11.360575,4.3,Under way using engine
2026-08-21T18:33:44Z,219002177,54.925358,11.372298,7.4,Under way using engine
2026-08-21T18:33:59Z,219000809,54.971897,11.514567,0.0,Under way using engine
2026-08-21T18:33:59Z,219000811,54.915865,11.360480,1.3,Under way using engine
2026-08-21T18:34:14Z,219002177,54.924298,11.372447,7.4,Under way using engine
2026-08-21T18:34:29Z,219000809,54.971897,11.514567,0.0,Under way using engine
2026-08-21T18:34:29Z,219000811,54.915882,11.360425,0.2,Under way using engine
2026-08-21T18:34:44Z,219002177,54.923310,11.372575,7.4,Under way using engine
2026-08-21T18:34:59Z,219000809,54.971907,11.514592,0.0,Under way using engine
2026-08-21T18:34:59Z,219000811,54.915963,11.360225,1.1,Under way using engine
2026-08-21T18:35:14Z,219002177,54.922252,11.372735,7.4,Under way using engine
2026-08-21T18:35:29Z,219000811,54.916053,11.360050,0.9,Under way using engine
2026-08-21T18:35:40Z,219000809,54.971907,11.514347,1.6,Under way using engine
2026-08-21T18:35:44Z,219002177,54.921267,11.372875,7.4,Under way using engine
2026-08-21T18:35:59Z,219000811,54.916062,11.359977,0.3,Under way using engine
2026-08-21T18:36:13Z,219000809,54.971898,11.513643,2.9,Under way using engine
2026-08-21T18:36:14Z,219002177,54.920250,11.372913,6.9,Under way using engine
2026-08-21T18:36:29Z,219000811,54.916067,11.359965,0.0,Under way using engine
2026-08-21T18:36:43Z,219000809,54.971810,11.513147,1.6,Under way using engine
2026-08-21T18:36:44Z,219002177,54.919332,11.372658,6.8,Under way using engine
2026-08-21T18:36:59Z,219000811,54.916068,11.359965,0.0,Under way using engine
2026-08-21T18:37:13Z,219000809,54.971742,11.512977,0.8,Under way using engine
2026-08-21T18:37:14Z,219002177,54.918365,11.372475,6.7,Under way using engine
2026-08-21T18:37:29Z,219000811,54.916070,11.359968,0.0,Under way using engine
2026-08-21T18:37:43Z,219000809,54.971885,11.512303,4.4,Under way using engine
2026-08-21T18:37:44Z,219002177,54.917587,11.371900,6.3,Under way using engine
2026-08-21T18:38:00Z,219000811,54.916070,11.359970,0.0,Under way using engine
2026-08-21T18:38:14Z,219002177,54.916923,11.370960,5.6,Under way using engine
2026-08-21T18:38:16Z,219000809,54.972027,11.510733,6.5,Under way using engine
2026-08-21T18:38:40Z,219000811,54.916065,11.359975,0.0,Under way using engine
2026-08-21T18:38:44Z,219002177,54.916802,11.369778,5.3,Under way using engine
2026-08-21T18:38:50Z,219000809,54.972210,11.508742,7.7,Under way using engine
2026-08-21T18:39:10Z,219000811,54.916063,11.359977,0.0,Under way using engine
2026-08-21T18:39:14Z,219002177,54.916788,11.368402,5.7,Under way using engine
2026-08-21T18:39:26Z,219000809,54.972285,11.506407,8.2,Under way using engine
2026-08-21T18:39:40Z,219000811,54.916062,11.359978,0.0,Under way using engine
2026-08-21T18:39:44Z,219002177,54.916668,11.367028,6.1,Under way using engine
2026-08-21T18:39:56Z,219000809,54.971827,11.504600,8.5,Under way using engine
2026-08-21T18:40:10Z,219000811,54.916063,11.359978,0.0,Under way using engine
2026-08-21T18:40:14Z,219002177,54.916503,11.365527,6.2,Under way using engine
2026-08-21T18:40:26Z,219000809,54.970967,11.503128,8.7,Under way using engine
2026-08-21T18:40:40Z,219000811,54.916067,11.359977,0.0,Under way using engine
2026-08-21T18:40:44Z,219002177,54.916372,11.364065,6.4,Under way using engine
2026-08-21T18:41:00Z,219000809,54.969887,11.501590,8.9,Under way using engine
2026-08-21T18:41:10Z,219000811,54.916067,11.359977,0.0,Under way using engine
2026-08-21T18:41:14Z,219002177,54.916323,11.362558,5.6,Under way using engine
2026-08-21T18:41:30Z,219000809,54.968943,11.500217,8.9,Under way using engine
2026-08-21T18:41:44Z,219002177,54.916362,11.361463,4.1,Under way using engine
2026-08-21T18:41:50Z,219000811,54.916067,11.359975,0.0,Under way using engine
2026-08-21T18:42:00Z,219000809,54.968005,11.498817,8.9,Under way using engine
2026-08-21T18:42:14Z,219002177,54.916392,11.360832,1.9,Under way using engine
2026-08-21T18:42:23Z,219000811,54.916065,11.359977,0.0,Under way using engine
2026-08-21T18:42:30Z,219000809,54.967068,11.497457,8.8,Under way using engine
2026-08-21T18:42:44Z,219002177,54.916372,11.360557,1.0,Under way using engine
2026-08-21T18:43:00Z,219000809,54.966112,11.496062,9.0,Under way using engine
2026-08-21T18:43:00Z,219000811,54.916065,11.359975,0.0,Under way using engine
2026-08-21T18:43:14Z,219002177,54.916382,11.360532,0.0,Under way using engine
2026-08-21T18:43:30Z,219000809,54.965197,11.494682,8.8,Under way using engine
2026-08-21T18:43:39Z,219000811,54.916068,11.359972,0.0,Under way using engine
2026-08-21T18:43:44Z,219002177,54.916360,11.360522,0.0,Under way using engine
2026-08-21T18:44:00Z,219000809,54.964247,11.493330,8.8,Under way using engine
2026-08-21T18:44:14Z,219002177,54.916355,11.360530,0.0,Under way using engine
2026-08-21T18:44:18Z,219000811,54.916077,11.359965,0.0,Under way using engine
2026-08-21T18:44:30Z,219000809,54.963318,11.491908,8.9,Under way using engine
2026-08-21T18:44:44Z,219002177,54.916373,11.360508,0.0,Under way using engine
2026-08-21T18:44:50Z,219000811,54.916077,11.359965,0.0,Under way using engine
2026-08-21T18:45:09Z,219000809,54.962082,11.490112,8.9,Under way using engine
2026-08-21T18:45:14Z,219002177,54.916373,11.360525,0.0,Under way using engine
2026-08-21T18:45:29Z,219000811,54.916075,11.359968,0.0,Under way using engine
2026-08-21T18:45:40Z,219000809,54.961058,11.488798,8.9,Under way using engine
2026-08-21T18:45:45Z,219002177,54.916383,11.360533,0.0,Under way using engine
2026-08-21T18:45:59Z,219000811,54.916073,11.359968,0.0,Under way using engine
2026-08-21T18:46:13Z,219000809,54.959833,11.487757,9.0,Under way using engine
2026-08-21T18:46:24Z,219002177,54.916368,11.360535,0.0,Under way using engine
2026-08-21T18:46:29Z,219000811,54.916067,11.359972,0.0,Under way using engine
2026-08-21T18:46:49Z,219000809,54.958450,11.486713,9.1,Under way using engine
2026-08-21T18:46:59Z,219000811,54.916063,11.359973,0.0,Under way using engine
2026-08-21T18:47:05Z,219002177,54.916363,11.360550,0.0,Under way using engine
2026-08-21T18:47:19Z,219000809,54.957317,11.485767,9.0,Under way using engine
2026-08-21T18:47:29Z,219000811,54.916060,11.359975,0.0,Under way using engine
2026-08-21T18:47:35Z,219002177,54.916360,11.360507,0.0,Under way using engine
2026-08-21T18:47:50Z,219000809,54.956130,11.484893,9.0,Under way using engine
2026-08-21T18:47:59Z,219000811,54.916055,11.359977,0.0,Under way using engine
2026-08-21T18:48:05Z,219002177,54.916352,11.360687,1.2,Under way using engine
2026-08-21T18:48:29Z,219000809,54.954610,11.483817,9.1,Under way using engine
2026-08-21T18:48:29Z,219000811,54.916055,11.359977,0.0,Under way using engine
2026-08-21T18:48:35Z,219002177,54.916318,11.361427,3.6,Under way using engine
2026-08-21T18:48:59Z,219000809,54.953385,11.483335,9.1,Under way using engine
2026-08-21T18:48:59Z,219000811,54.916057,11.359977,0.0,Under way using engine
2026-08-21T18:49:05Z,219002177,54.916267,11.362507,5.0,Under way using engine
2026-08-21T18:49:29Z,219000809,54.952145,11.482842,9.1,Under way using engine
2026-08-21T18:49:29Z,219000811,54.916055,11.359977,0.0,Under way using engine
2026-08-21T18:49:35Z,219002177,54.916323,11.363835,5.7,Under way using engine
2026-08-21T18:49:59Z,219000811,54.916057,11.359977,0.0,Under way using engine
2026-08-21T18:50:00Z,219000809,54.950873,11.482435,9.1,Under way using engine
2026-08-21T18:50:14Z,219002177,54.916497,11.365827,6.6,Under way using engine
2026-08-21T18:50:29Z,219000811,54.916058,11.359973,0.0,Under way using engine
2026-08-21T18:50:39Z,219000809,54.949225,11.482010,9.1,Under way using engine
2026-08-21T18:50:44Z,219002177,54.916640,11.367378,6.9,Under way using engine
2026-08-21T18:50:59Z,219000811,54.916062,11.359972,0.0,Under way using engine
2026-08-21T18:51:09Z,219000809,54.948378,11.481727,9.1,Under way using engine
2026-08-21T18:51:14Z,219002177,54.916775,11.369128,7.1,Under way using engine
2026-08-21T18:51:29Z,219000811,54.916063,11.359973,0.0,Under way using engine
2026-08-21T18:51:39Z,219000809,54.946763,11.481265,9.0,Under way using engine
2026-08-21T18:51:44Z,219002177,54.917058,11.370658,6.5,Under way using engine
2026-08-21T18:51:59Z,219000811,54.916063,11.359973,0.0,Under way using engine
2026-08-21T18:52:10Z,219000809,54.945490,11.480908,8.9,Under way using engine
2026-08-21T18:52:14Z,219002177,54.917737,11.371225,5.3,Under way using engine
2026-08-21T18:52:30Z,219000811,54.916065,11.359972,0.0,Under way using engine
2026-08-21T18:52:40Z,219000809,54.944305,11.480512,8.8,Under way using engine
2026-08-21T18:52:44Z,219002177,54.918527,11.371268,6.1,Under way using engine
2026-08-21T18:53:09Z,219000811,54.916067,11.359972,0.0,Under way using engine
2026-08-21T18:53:10Z,219000809,54.943120,11.480150,8.6,Under way using engine
2026-08-21T18:53:14Z,219002177,54.919453,11.371362,6.6,Under way using engine
2026-08-21T18:53:39Z,219000811,54.916067,11.359970,0.0,Under way using engine
2026-08-21T18:53:40Z,219000809,54.942117,11.479133,8.4,Under way using engine
2026-08-21T18:53:44Z,219002177,54.920350,11.371438,6.8,Under way using engine
2026-08-21T18:54:09Z,219000811,54.916067,11.359968,0.0,Under way using engine
2026-08-21T18:54:10Z,219000809,54.941280,11.477672,8.7,Under way using engine
2026-08-21T18:54:24Z,219002177,54.921648,11.371568,7.1,Under way using engine
2026-08-21T18:54:39Z,219000811,54.916065,11.359968,0.0,Under way using engine
2026-08-21T18:54:40Z,219000809,54.940443,11.476115,8.8,Under way using engine
2026-08-21T18:54:54Z,219002177,54.922635,11.371670,7.2,Under way using engine
2026-08-21T18:55:09Z,219000811,54.916067,11.359968,0.0,Under way using engine
2026-08-21T18:55:10Z,219000809,54.939587,11.474598,8.8,Under way using engine
2026-08-21T18:55:33Z,219002177,54.923963,11.371862,7.2,Under way using engine
2026-08-21T18:55:39Z,219000811,54.916067,11.359965,0.0,Under way using engine
2026-08-21T18:55:40Z,219000809,54.938962,11.472800,8.8,Under way using engine
2026-08-21T18:56:04Z,219002177,54.924978,11.371980,7.2,Under way using engine
2026-08-21T18:56:10Z,219000809,54.938405,11.470912,8.8,Under way using engine
2026-08-21T18:56:10Z,219000811,54.916063,11.359967,0.0,Under way using engine
2026-08-21T18:56:40Z,219000809,54.937857,11.469017,8.8,Under way using engine
2026-08-21T18:56:44Z,219002177,54.926263,11.372173,7.2,Under way using engine
2026-08-21T18:56:49Z,219000811,54.916060,11.359968,0.0,Under way using engine
2026-08-21T18:57:10Z,219000809,54.937308,11.467123,8.8,Under way using engine
2026-08-21T18:57:19Z,219000811,54.916058,11.359970,0.0,Under way using engine
2026-08-21T18:57:24Z,219002177,54.927592,11.372352,7.2,Under way using engine
2026-08-21T18:57:49Z,219000811,54.916057,11.359973,0.0,Under way using engine
2026-08-21T18:57:50Z,219000809,54.936578,11.464583,8.9,Under way using engine
2026-08-21T18:58:04Z,219002177,54.928950,11.372505,7.2,Under way using engine
2026-08-21T18:58:19Z,219000811,54.916057,11.359975,0.0,Under way using engine
2026-08-21T18:58:20Z,219000809,54.936000,11.462688,8.8,Under way using engine
2026-08-21T18:58:44Z,219002177,54.930225,11.372702,7.2,Under way using engine
2026-08-21T18:58:49Z,219000811,54.916060,11.359975,0.0,Under way using engine
2026-08-21T18:58:50Z,219000809,54.935433,11.460770,8.9,Under way using engine
2026-08-21T18:59:17Z,219002177,54.931178,11.372683,6.7,Under way using engine
2026-08-21T18:59:20Z,219000809,54.934875,11.458850,8.9,Under way using engine
2026-08-21T18:59:20Z,219000811,54.916060,11.359977,0.0,Under way using engine
2026-08-21T18:59:50Z,219000809,54.934327,11.456933,8.9,Under way using engine
2026-08-21T18:59:53Z,219002177,54.932408,11.372232,6.9,Under way using engine
2026-08-21T18:59:58Z,219000811,54.916060,11.359973,0.0,Under way using engine
2026-08-21T19:00:20Z,219000809,54.933750,11.455055,8.9,Under way using engine
2026-08-21T19:00:24Z,219002177,54.933345,11.371922,6.8,Under way using engine
2026-08-21T19:00:30Z,219000811,54.916060,11.359972,0.0,Under way using engine
2026-08-21T19:00:50Z,219000809,54.933142,11.453175,8.9,Under way using engine
2026-08-21T19:01:05Z,219002177,54.934547,11.371695,6.8,Under way using engine
2026-08-21T19:01:09Z,219000811,54.916062,11.359973,0.0,Under way using engine
2026-08-21T19:01:20Z,219000809,54.932513,11.451377,8.8,Under way using engine
2026-08-21T19:01:40Z,219000811,54.916063,11.359972,0.0,Under way using engine
2026-08-21T19:01:45Z,219002177,54.935515,11.371698,3.1,Under way using engine
2026-08-21T19:01:50Z,219000809,54.931732,11.449705,8.9,Under way using engine
2026-08-21T19:02:15Z,219002177,54.935770,11.371847,1.6,Under way using engine
2026-08-21T19:02:20Z,219000809,54.930953,11.448067,8.8,Under way using engine
2026-08-21T19:02:20Z,219000811,54.916063,11.359972,0.0,Under way using engine
2026-08-21T19:02:45Z,219002177,54.935902,11.371915,0.8,Under way using engine
2026-08-21T19:02:50Z,219000809,54.930168,11.446455,8.7,Under way using engine
2026-08-21T19:02:59Z,219000811,54.916060,11.359977,0.0,Under way using engine
2026-08-21T19:03:15Z,219002177,54.935952,11.371990,0.2,Under way using engine
2026-08-21T19:03:20Z,219000809,54.929418,11.444833,8.7,Under way using engine
2026-08-21T19:03:30Z,219000811,54.916057,11.359977,0.0,Under way using engine
2026-08-21T19:03:45Z,219002177,54.935968,11.371972,0.0,Under way using engine
2026-08-21T19:04:00Z,219000809,54.928357,11.442690,8.8,Under way using engine
2026-08-21T19:04:09Z,219000811,54.916057,11.359973,0.0,Under way using engine
2026-08-21T19:04:15Z,219002177,54.935965,11.371983,0.0,Under way using engine
2026-08-21T19:04:39Z,219000811,54.916057,11.359970,0.0,Under way using engine
2026-08-21T19:04:40Z,219000809,54.927303,11.440523,8.8,Under way using engine
2026-08-21T19:04:45Z,219002177,54.935973,11.371955,0.0,Under way using engine
2026-08-21T19:05:09Z,219000811,54.916057,11.359970,0.0,Under way using engine
2026-08-21T19:05:10Z,219000809,54.926520,11.438878,8.8,Under way using engine
2026-08-21T19:05:15Z,219002177,54.935980,11.371968,0.0,Under way using engine
2026-08-21T19:05:39Z,219000811,54.916058,11.359968,0.0,Under way using engine
2026-08-21T19:05:40Z,219000809,54.925732,11.437272,8.8,Under way using engine
2026-08-21T19:05:54Z,219002177,54.935982,11.371965,0.0,Under way using engine
2026-08-21T19:06:10Z,219000811,54.916060,11.359970,0.0,Under way using engine
2026-08-21T19:06:11Z,219000809,54.924967,11.435640,8.7,Under way using engine
2026-08-21T19:06:24Z,219002177,54.935973,11.371958,0.0,Under way using engine
2026-08-21T19:06:49Z,219000809,54.923955,11.433525,8.8,Under way using engine
2026-08-21T19:06:49Z,219000811,54.916060,11.359968,0.0,Under way using engine
2026-08-21T19:06:54Z,219002177,54.935973,11.371968,0.0,Under way using engine
2026-08-21T19:07:19Z,219000809,54.923170,11.431917,8.7,Under way using engine
2026-08-21T19:07:19Z,219000811,54.916060,11.359970,0.0,Under way using engine
2026-08-21T19:07:24Z,219002177,54.935980,11.371960,0.0,Under way using engine
2026-08-21T19:07:49Z,219000809,54.922383,11.430313,8.8,Under way using engine
2026-08-21T19:07:49Z,219000811,54.916063,11.359968,0.0,Under way using engine
2026-08-21T19:07:54Z,219002177,54.935968,11.371953,0.0,Under way using engine
2026-08-21T19:08:19Z,219000809,54.921650,11.428642,8.7,Under way using engine
2026-08-21T19:08:19Z,219000811,54.916063,11.359975,0.0,Under way using engine
2026-08-21T19:08:24Z,219002177,54.935860,11.371877,1.5,Under way using engine
2026-08-21T19:08:49Z,219000809,54.920883,11.427023,8.7,Under way using engine
2026-08-21T19:08:49Z,219000811,54.916055,11.360158,0.7,Under way using engine
2026-08-21T19:08:54Z,219002177,54.935453,11.371538,4.1,Under way using engine
2026-08-21T19:09:19Z,219000809,54.920105,11.425408,8.7,Under way using engine
2026-08-21T19:09:19Z,219000811,54.916062,11.361027,3.7,Under way using engine
2026-08-21T19:09:25Z,219002177,54.934803,11.370962,5.4,Under way using engine
2026-08-21T19:09:49Z,219000809,54.919357,11.423770,8.7,Under way using engine
2026-08-21T19:09:49Z,219000811,54.916092,11.362418,5.8,Under way using engine
2026-08-21T19:10:05Z,219002177,54.933683,11.370978,6.6,Under way using engine
2026-08-21T19:10:19Z,219000809,54.918588,11.422137,8.7,Under way using engine
2026-08-21T19:10:19Z,219000811,54.916263,11.364073,7.1,Under way using engine
2026-08-21T19:10:35Z,219002177,54.932692,11.371027,7.3,Under way using engine
2026-08-21T19:10:49Z,219000809,54.917827,11.420482,8.7,Under way using engine
2026-08-21T19:10:49Z,219000811,54.916463,11.365957,7.7,Under way using engine
2026-08-21T19:11:05Z,219002177,54.931650,11.371132,7.7,Under way using engine
2026-08-21T19:11:19Z,219000809,54.917070,11.418823,8.8,Under way using engine
2026-08-21T19:11:19Z,219000811,54.916438,11.367820,7.8,Under way using engine
2026-08-21T19:11:35Z,219002177,54.930568,11.371245,7.9,Under way using engine
2026-08-21T19:11:49Z,219000809,54.916315,11.417192,8.8,Under way using engine
2026-08-21T19:11:49Z,219000811,54.916000,11.369630,8.2,Under way using engine
2026-08-21T19:12:15Z,219002177,54.929102,11.371430,7.9,Under way using engine
2026-08-21T19:12:19Z,219000809,54.915573,11.415527,8.8,Under way using engine
2026-08-21T19:12:19Z,219000811,54.915330,11.371307,8.5,Under way using engine
2026-08-21T19:12:49Z,219000809,54.914815,11.413833,8.9,Under way using engine
2026-08-21T19:12:49Z,219000811,54.914648,11.373010,8.6,Under way using engine
2026-08-21T19:12:54Z,219002177,54.927667,11.371607,8.0,Under way using engine
2026-08-21T19:13:19Z,219000809,54.914057,11.412098,8.9,Under way using engine
2026-08-21T19:13:25Z,219002177,54.926527,11.371757,8.0,Under way using engine
2026-08-21T19:13:30Z,219000811,54.913672,11.375377,8.8,Under way using engine
2026-08-21T19:13:49Z,219000809,54.913285,11.410422,9.0,Under way using engine
2026-08-21T19:14:10Z,219000811,54.912697,11.377655,9.0,Under way using engine
2026-08-21T19:14:15Z,219002177,54.924700,11.371978,8.0,Under way using engine
2026-08-21T19:14:19Z,219000809,54.912550,11.408733,9.0,Under way using engine
2026-08-21T19:14:49Z,219000809,54.911783,11.407010,9.0,Under way using engine
2026-08-21T19:14:50Z,219000811,54.911645,11.380043,9.2,Under way using engine
2026-08-21T19:14:54Z,219002177,54.923280,11.372162,8.0,Under way using engine
2026-08-21T19:15:20Z,219000809,54.910975,11.405233,9.1,Under way using engine
2026-08-21T19:15:25Z,219002177,54.922155,11.372258,7.8,Under way using engine
2026-08-21T19:15:30Z,219000811,54.910570,11.382417,9.5,Under way using engine
2026-08-21T19:15:59Z,219000809,54.909965,11.403008,9.1,Under way using engine
2026-08-21T19:16:05Z,219002177,54.920728,11.372210,7.6,Under way using engine
2026-08-21T19:16:10Z,219000811,54.909477,11.384878,9.5,Under way using engine
2026-08-21T19:16:29Z,219000809,54.909223,11.401237,9.1,Under way using engine
2026-08-21T19:16:44Z,219002177,54.919420,11.371960,7.3,Under way using engine
2026-08-21T19:16:50Z,219000811,54.908457,11.387215,9.5,Under way using engine
2026-08-21T19:17:00Z,219000809,54.908543,11.399325,9.0,Under way using engine
2026-08-21T19:17:15Z,219002177,54.918385,11.371718,7.3,Under way using engine
2026-08-21T19:17:30Z,219000811,54.907347,11.389683,9.5,Under way using engine
2026-08-21T19:17:33Z,219000809,54.908087,11.397103,8.9,Under way using engine
2026-08-21T19:17:54Z,219002177,54.917168,11.371247,6.1,Under way using engine
2026-08-21T19:18:03Z,219000809,54.907902,11.395023,8.6,Under way using engine
2026-08-21T19:18:10Z,219000811,54.906273,11.392107,9.5,Under way using engine
2026-08-21T19:18:25Z,219002177,54.916887,11.370028,5.5,Under way using engine
2026-08-21T19:18:33Z,219000809,54.908130,11.393077,8.1,Under way using engine
2026-08-21T19:18:46Z,219000811,54.905333,11.394358,9.6,Under way using engine
2026-08-21T19:19:03Z,219000809,54.908772,11.391428,8.3,Under way using engine
2026-08-21T19:19:05Z,219002177,54.916787,11.368038,6.4,Under way using engine
2026-08-21T19:19:16Z,219000811,54.904880,11.396483,9.4,Under way using engine
2026-08-21T19:19:40Z,219000809,54.909618,11.389427,8.4,Under way using engine
2026-08-21T19:19:44Z,219002177,54.916598,11.365972,6.8,Under way using engine
2026-08-21T19:19:49Z,219000811,54.904350,11.398837,9.6,Under way using engine
2026-08-21T19:20:10Z,219000809,54.910282,11.387792,8.4,Under way using engine
2026-08-21T19:20:15Z,219002177,54.916445,11.364270,6.9,Under way using engine
2026-08-21T19:20:29Z,219000811,54.903720,11.401718,9.6,Under way using engine
2026-08-21T19:20:40Z,219000809,54.910965,11.386137,8.5,Under way using engine
2026-08-21T19:20:45Z,219002177,54.916295,11.362665,6.2,Under way using engine
2026-08-21T19:21:00Z,219000811,54.903247,11.403955,9.6,Under way using engine
2026-08-21T19:21:10Z,219000809,54.911630,11.384465,8.5,Under way using engine
2026-08-21T19:21:15Z,219002177,54.916328,11.361563,3.6,Under way using engine
2026-08-21T19:21:39Z,219000811,54.902658,11.406845,9.5,Under way using engine
2026-08-21T19:21:41Z,219000809,54.912313,11.382797,8.6,Under way using engine
2026-08-21T19:21:45Z,219002177,54.916372,11.360925,2.2,Under way using engine
2026-08-21T19:22:09Z,219000811,54.902252,11.408908,9.4,Under way using engine
2026-08-21T19:22:15Z,219002177,54.916365,11.360610,1.0,Under way using engine
2026-08-21T19:22:20Z,219000809,54.913217,11.380522,8.6,Under way using engine
2026-08-21T19:22:39Z,219000811,54.901815,11.411167,9.4,Under way using engine
2026-08-21T19:22:45Z,219002177,54.916367,11.360520,0.1,Under way using engine
2026-08-21T19:22:50Z,219000809,54.913880,11.378887,8.6,Under way using engine
2026-08-21T19:23:09Z,219000811,54.901412,11.413215,9.3,Under way using engine
2026-08-21T19:23:15Z,219002177,54.916362,11.360520,0.0,Under way using engine
2026-08-21T19:23:20Z,219000809,54.914605,11.377167,8.7,Under way using engine
2026-08-21T19:23:40Z,219000811,54.900985,11.415398,9.3,Under way using engine
2026-08-21T19:23:45Z,219002177,54.916363,11.360518,0.0,Under way using engine
2026-08-21T19:23:50Z,219000809,54.915308,11.375537,8.8,Under way using engine
2026-08-21T19:24:15Z,219002177,54.916363,11.360500,0.0,Under way using engine
2026-08-21T19:24:19Z,219000811,54.900490,11.418162,9.3,Under way using engine
2026-08-21T19:24:21Z,219000809,54.916072,11.373800,8.8,Under way using engine
2026-08-21T19:24:45Z,219002177,54.916372,11.360507,0.0,Under way using engine
2026-08-21T19:24:49Z,219000811,54.899933,11.420215,9.2,Under way using engine
2026-08-21T19:24:53Z,219000809,54.916625,11.371733,8.6,Under way using engine
2026-08-21T19:25:15Z,219002177,54.916362,11.360502,0.0,Under way using engine
2026-08-21T19:25:20Z,219000811,54.899352,11.422255,9.2,Under way using engine
2026-08-21T19:25:23Z,219000809,54.916732,11.369662,8.8,Under way using engine
2026-08-21T19:25:45Z,219002177,54.916363,11.360562,0.3,Under way using engine
2026-08-21T19:25:53Z,219000809,54.916652,11.367568,8.8,Under way using engine
2026-08-21T19:26:09Z,219000811,54.898340,11.425320,9.1,Under way using engine
2026-08-21T19:26:15Z,219002177,54.916362,11.360605,0.2,Under way using engine
2026-08-21T19:26:30Z,219000809,54.916447,11.365168,8.0,Under way using engine
2026-08-21T19:26:40Z,219000811,54.897662,11.427437,9.1,Under way using engine
2026-08-21T19:26:45Z,219002177,54.916363,11.360680,0.1,Under way using engine
2026-08-21T19:27:00Z,219000809,54.916313,11.363287,7.2,Under way using engine
2026-08-21T19:27:15Z,219002177,54.916355,11.360665,0.0,Under way using engine
2026-08-21T19:27:20Z,219000811,54.896845,11.429913,9.2,Under way using engine
2026-08-21T19:27:30Z,219000809,54.916213,11.361842,5.8,Under way using engine
2026-08-21T19:27:45Z,219002177,54.916360,11.360657,0.2,Under way using engine
2026-08-21T19:28:00Z,219000809,54.916003,11.360702,3.7,Under way using engine
2026-08-21T19:28:09Z,219000811,54.895805,11.433085,9.2,Under way using engine
2026-08-21T19:28:15Z,219002177,54.916365,11.360568,0.4,Under way using engine
2026-08-21T19:28:30Z,219000809,54.915972,11.360580,0.5,Under way using engine
2026-08-21T19:28:40Z,219000811,54.895147,11.435065,9.2,Under way using engine
2026-08-21T19:28:45Z,219002177,54.916370,11.360525,0.0,Under way using engine
2026-08-21T19:29:00Z,219000809,54.916017,11.360450,1.2,Under way using engine
2026-08-21T19:29:15Z,219002177,54.916378,11.360517,0.0,Under way using engine
2026-08-21T19:29:20Z,219000811,54.894292,11.437603,9.2,Under way using engine
2026-08-21T19:29:33Z,219000809,54.916060,11.360145,0.6,Under way using engine
2026-08-21T19:29:45Z,219002177,54.916382,11.360508,0.1,Under way using engine
2026-08-21T19:29:59Z,219000811,54.893455,11.440098,9.2,Under way using engine
2026-08-21T19:30:09Z,219000809,54.916092,11.360045,0.3,Under way using engine
2026-08-21T19:30:15Z,219002177,54.916365,11.360522,0.0,Under way using engine
2026-08-21T19:30:30Z,219000811,54.892787,11.442078,9.2,Under way using engine
2026-08-21T19:30:39Z,219000809,54.916097,11.360022,0.1,Under way using engine
2026-08-21T19:30:45Z,219002177,54.916368,11.360515,0.0,Under way using engine
2026-08-21T19:31:09Z,219000809,54.916092,11.360033,0.0,Under way using engine
2026-08-21T19:31:09Z,219000811,54.891972,11.444503,9.2,Under way using engine
2026-08-21T19:31:15Z,219002177,54.916372,11.360547,0.0,Under way using engine
2026-08-21T19:31:39Z,219000809,54.916098,11.360030,0.0,Under way using engine
2026-08-21T19:31:39Z,219000811,54.891285,11.446547,9.2,Under way using engine
2026-08-21T19:31:45Z,219002177,54.916373,11.360530,0.0,Under way using engine
2026-08-21T19:32:09Z,219000809,54.916097,11.360017,0.0,Under way using engine
2026-08-21T19:32:09Z,219000811,54.890638,11.448437,9.3,Under way using engine
2026-08-21T19:32:15Z,219002177,54.916378,11.360542,0.0,Under way using engine
2026-08-21T19:32:39Z,219000809,54.916090,11.360007,0.0,Under way using engine
2026-08-21T19:32:39Z,219000811,54.889963,11.450413,9.3,Under way using engine
2026-08-21T19:32:45Z,219002177,54.916368,11.360543,0.0,Under way using engine
2026-08-21T19:33:09Z,219000809,54.916118,11.360022,0.0,Under way using engine
2026-08-21T19:33:09Z,219000811,54.889337,11.452262,9.3,Under way using engine
2026-08-21T19:33:15Z,219002177,54.916370,11.360522,0.0,Under way using engine
2026-08-21T19:33:39Z,219000809,54.916107,11.360018,0.0,Under way using engine
2026-08-21T19:33:39Z,219000811,54.888617,11.454178,9.4,Under way using engine
2026-08-21T19:33:45Z,219002177,54.916400,11.360522,0.0,Under way using engine
2026-08-21T19:34:09Z,219000811,54.887902,11.456043,9.3,Under way using engine
2026-08-21T19:34:10Z,219000809,54.916108,11.360022,0.0,Under way using engine
2026-08-21T19:34:15Z,219002177,54.916408,11.360560,0.0,Under way using engine
2026-08-21T19:34:39Z,219000811,54.887033,11.457773,9.3,Under way using engine
2026-08-21T19:34:45Z,219002177,54.916408,11.360535,0.0,Under way using engine
2026-08-21T19:34:51Z,219000809,54.916115,11.360028,0.0,Under way using engine
2026-08-21T19:35:09Z,219000811,54.886213,11.459375,9.4,Under way using engine
2026-08-21T19:35:18Z,219002177,54.916382,11.360535,0.0,Under way using engine
2026-08-21T19:35:29Z,219000809,54.916090,11.360048,0.1,Under way using engine
2026-08-21T19:35:39Z,219000811,54.885308,11.461107,9.3,Under way using engine
2026-08-21T19:35:55Z,219002177,54.916383,11.360527,0.0,Under way using engine
2026-08-21T19:36:00Z,219000809,54.916117,11.360037,0.0,Under way using engine
2026-08-21T19:36:09Z,219000811,54.884460,11.462737,9.2,Under way using engine
2026-08-21T19:36:25Z,219002177,54.916373,11.360510,0.0,Under way using engine
2026-08-21T19:36:39Z,219000809,54.916120,11.359993,0.0,Under way using engine
2026-08-21T19:36:39Z,219000811,54.883583,11.464460,9.1,Under way using engine
2026-08-21T19:37:05Z,219002177,54.916388,11.360502,0.1,Under way using engine
2026-08-21T19:37:09Z,219000811,54.882807,11.465992,9.1,Under way using engine
2026-08-21T19:37:10Z,219000809,54.916107,11.360018,0.0,Under way using engine
2026-08-21T19:37:39Z,219000811,54.882050,11.467812,9.0,Under way using engine
2026-08-21T19:37:45Z,219002177,54.916387,11.360523,0.1,Under way using engine
2026-08-21T19:37:51Z,219000809,54.916090,11.360028,0.0,Under way using engine
2026-08-21T19:38:09Z,219000811,54.881458,11.469700,9.0,Under way using engine
2026-08-21T19:38:24Z,219002177,54.916392,11.360522,0.0,Under way using engine
2026-08-21T19:38:30Z,219000809,54.916088,11.360037,0.1,Under way using engine
2026-08-21T19:38:39Z,219000811,54.881273,11.471857,8.9,Under way using engine
2026-08-21T19:38:54Z,219002177,54.916387,11.360503,0.1,Under way using engine
2026-08-21T19:39:00Z,219000809,54.916073,11.360047,0.1,Under way using engine
2026-08-21T19:39:09Z,219000811,54.881268,11.473903,8.8,Under way using engine
2026-08-21T19:39:24Z,219002177,54.916383,11.360527,0.0,Under way using engine
2026-08-21T19:39:30Z,219000809,54.916110,11.360048,0.1,Under way using engine
2026-08-21T19:39:39Z,219000811,54.881263,11.476032,8.6,Under way using engine
2026-08-21T19:39:54Z,219002177,54.916388,11.360530,0.1,Under way using engine
2026-08-21T19:40:00Z,219000809,54.916117,11.360027,0.0,Under way using engine
2026-08-21T19:40:09Z,219000811,54.881385,11.478123,8.7,Under way using engine
2026-08-21T19:40:24Z,219002177,54.916360,11.360542,0.1,Under way using engine
2026-08-21T19:40:30Z,219000809,54.916087,11.360028,0.0,Under way using engine
2026-08-21T19:40:39Z,219000811,54.881820,11.480038,8.6,Under way using engine
2026-08-21T19:40:54Z,219002177,54.916353,11.360533,0.1,Under way using engine
2026-08-21T19:41:00Z,219000809,54.916093,11.360033,0.0,Under way using engine
2026-08-21T19:41:09Z,219000811,54.882372,11.481683,7.9,Under way using engine
2026-08-21T19:41:24Z,219002177,54.916367,11.360538,0.0,Under way using engine
2026-08-21T19:41:30Z,219000809,54.916090,11.360043,0.1,Under way using engine
2026-08-21T19:41:39Z,219000811,54.883033,11.482852,6.7,Under way using engine
2026-08-21T19:42:00Z,219000809,54.916087,11.360030,0.0,Under way using engine
2026-08-21T19:42:04Z,219002177,54.916383,11.360560,0.1,Under way using engine
2026-08-21T19:42:09Z,219000811,54.883692,11.483305,5.2,Under way using engine
2026-08-21T19:42:34Z,219002177,54.916390,11.360550,0.0,Under way using engine
2026-08-21T19:42:39Z,219000811,54.884123,11.483315,3.1,Under way using engine
2026-08-21T19:42:40Z,219000809,54.916095,11.360035,0.1,Under way using engine
2026-08-21T19:43:05Z,219002177,54.916335,11.360528,0.1,Under way using engine
2026-08-21T19:43:09Z,219000811,54.884220,11.483288,0.7,Under way using engine
2026-08-21T19:43:19Z,219000809,54.916023,11.360013,0.1,Under way using engine
2026-08-21T19:43:39Z,219000811,54.884283,11.483273,0.4,Under way using engine
2026-08-21T19:43:43Z,219002177,54.916335,11.360533,0.1,Under way using engine
2026-08-21T19:43:49Z,219000809,54.916033,11.359993,0.1,Under way using engine
2026-08-21T19:44:09Z,219000811,54.884298,11.483270,0.1,Under way using engine
2026-08-21T19:44:15Z,219002177,54.916383,11.360520,0.0,Under way using engine
2026-08-21T19:44:19Z,219000809,54.916035,11.359995,0.1,Under way using engine
2026-08-21T19:44:39Z,219000811,54.884303,11.483270,0.0,Under way using engine
2026-08-21T19:44:49Z,219000809,54.916072,11.360015,0.1,Under way using engine
2026-08-21T19:44:53Z,219002177,54.916367,11.360525,0.0,Under way using engine
2026-08-21T19:45:10Z,219000811,54.884303,11.483268,0.0,Under way using engine
2026-08-21T19:45:20Z,219000809,54.916092,11.360060,0.0,Under way using engine
2026-08-21T19:45:24Z,219002177,54.916358,11.360542,0.0,Under way using engine
2026-08-21T19:45:50Z,219000811,54.884302,11.483267,0.0,Under way using engine
2026-08-21T19:46:00Z,219000809,54.916068,11.360008,0.0,Under way using engine
2026-08-21T19:46:05Z,219002177,54.916383,11.360527,0.0,Under way using engine
2026-08-21T19:46:30Z,219000811,54.884255,11.483278,0.3,Under way using engine
2026-08-21T19:46:40Z,219000809,54.916062,11.360038,0.0,Under way using engine
2026-08-21T19:46:43Z,219002177,54.916395,11.360500,0.0,Under way using engine
2026-08-21T19:47:10Z,219000811,54.883758,11.483368,3.1,Under way using engine
2026-08-21T19:47:14Z,219002177,54.916382,11.360498,0.0,Under way using engine
2026-08-21T19:47:20Z,219000809,54.916052,11.360020,0.0,Under way using engine
2026-08-21T19:47:42Z,219000811,54.883175,11.483588,3.9,Under way using engine
2026-08-21T19:47:50Z,219000809,54.916067,11.360035,0.0,Under way using engine
2026-08-21T19:47:53Z,219002177,54.916370,11.360538,0.0,Under way using engine
2026-08-21T19:48:13Z,219000811,54.882883,11.483565,2.1,Under way using engine
2026-08-21T19:48:20Z,219000809,54.916105,11.360093,0.0,Under way using engine
2026-08-21T19:48:24Z,219002177,54.916392,11.360525,0.0,Under way using engine
2026-08-21T19:48:43Z,219000811,54.882255,11.482908,5.4,Under way using engine
2026-08-21T19:48:50Z,219000809,54.916077,11.360022,0.0,Under way using engine
2026-08-21T19:48:55Z,219002177,54.916347,11.360602,1.2,Under way using engine
2026-08-21T19:49:16Z,219000811,54.881475,11.481557,7.4,Under way using engine
2026-08-21T19:49:20Z,219000809,54.916063,11.360022,0.0,Under way using engine
2026-08-21T19:49:35Z,219002177,54.916298,11.361700,4.4,Under way using engine
2026-08-21T19:49:46Z,219000811,54.881177,11.479732,8.1,Under way using engine
2026-08-21T19:49:50Z,219000809,54.916067,11.360010,0.0,Under way using engine
2026-08-21T19:50:15Z,219002177,54.916390,11.363423,5.8,Under way using engine
2026-08-21T19:50:18Z,219000811,54.881357,11.477477,8.6,Under way using engine
2026-08-21T19:50:20Z,219000809,54.916068,11.360042,0.0,Under way using engine
2026-08-21T19:50:45Z,219002177,54.916440,11.364930,6.5,Under way using engine
2026-08-21T19:50:50Z,219000809,54.916078,11.360065,0.0,Under way using engine
2026-08-21T19:50:50Z,219000811,54.881503,11.475357,8.7,Under way using engine
2026-08-21T19:51:15Z,219002177,54.916562,11.366573,6.9,Under way using engine
2026-08-21T19:51:20Z,219000809,54.916055,11.360163,1.1,Under way using engine
2026-08-21T19:51:29Z,219000811,54.881658,11.472522,8.7,Under way using engine
2026-08-21T19:51:45Z,219002177,54.916705,11.368238,7.2,Under way using engine
2026-08-21T19:51:50Z,219000809,54.916022,11.360692,2.6,Under way using engine
2026-08-21T19:51:59Z,219000811,54.881783,11.470522,8.7,Under way using engine
2026-08-21T19:52:15Z,219002177,54.916928,11.370003,7.4,Under way using engine
2026-08-21T19:52:23Z,219000809,54.916095,11.361655,4.4,Under way using engine
2026-08-21T19:52:29Z,219000811,54.881942,11.468302,9.0,Under way using engine
2026-08-21T19:52:45Z,219002177,54.917357,11.371370,6.0,Under way using engine
2026-08-21T19:52:59Z,219000811,54.882298,11.466312,8.8,Under way using engine
2026-08-21T19:53:00Z,219000809,54.916342,11.363273,6.3,Under way using engine
2026-08-21T19:53:15Z,219002177,54.918157,11.371630,6.1,Under way using engine
2026-08-21T19:53:29Z,219000811,54.883055,11.464523,9.1,Under way using engine
2026-08-21T19:53:40Z,219000809,54.916562,11.365508,7.3,Under way using engine
2026-08-21T19:53:45Z,219002177,54.919058,11.371703,6.7,Under way using engine
2026-08-21T19:53:59Z,219000811,54.883893,11.462787,9.2,Under way using engine
2026-08-21T19:54:10Z,219000809,54.916708,11.367350,7.8,Under way using engine
2026-08-21T19:54:15Z,219002177,54.920017,11.371797,7.1,Under way using engine
2026-08-21T19:54:29Z,219000811,54.884713,11.461153,9.1,Under way using engine
2026-08-21T19:54:40Z,219000809,54.916850,11.369375,8.6,Under way using engine
2026-08-21T19:54:45Z,219002177,54.921060,11.371873,7.5,Under way using engine
2026-08-21T19:55:00Z,219000811,54.885572,11.459513,9.0,Under way using engine
2026-08-21T19:55:10Z,219000809,54.916680,11.371458,8.7,Under way using engine
2026-08-21T19:55:15Z,219002177,54.922120,11.371990,7.6,Under way using engine
2026-08-21T19:55:39Z,219000811,54.886705,11.457517,8.9,Under way using engine
2026-08-21T19:55:40Z,219000809,54.916242,11.373380,8.6,Under way using engine
2026-08-21T19:55:45Z,219002177,54.923145,11.372110,7.6,Under way using engine
2026-08-21T19:56:10Z,219000809,54.915572,11.375162,9.0,Under way using engine
2026-08-21T19:56:10Z,219000811,54.887617,11.455940,9.0,Under way using engine
2026-08-21T19:56:15Z,219002177,54.924167,11.372228,7.6,Under way using engine
2026-08-21T19:56:40Z,219000809,54.914845,11.376980,9.1,Under way using engine
2026-08-21T19:56:45Z,219002177,54.925223,11.372388,7.6,Under way using engine
2026-08-21T19:56:46Z,219000811,54.888438,11.453843,9.0,Under way using engine
2026-08-21T19:57:10Z,219000809,54.914430,11.378152,9.2,Under way using engine
2026-08-21T19:57:15Z,219002177,54.926242,11.372503,7.5,Under way using engine
2026-08-21T19:57:29Z,219000811,54.889350,11.451170,9.0,Under way using engine
2026-08-21T19:57:40Z,219000809,54.913443,11.380673,9.3,Under way using engine
2026-08-21T19:57:45Z,219002177,54.927302,11.372662,7.6,Under way using engine
2026-08-21T19:58:00Z,219000811,54.890020,11.449180,9.0,Under way using engine
2026-08-21T19:58:10Z,219000809,54.912718,11.382530,9.4,Under way using engine
2026-08-21T19:58:24Z,219002177,54.928645,11.372825,7.5,Under way using engine
2026-08-21T19:58:39Z,219000811,54.890885,11.446755,9.1,Under way using engine
2026-08-21T19:58:50Z,219000809,54.911757,11.385018,9.4,Under way using engine
2026-08-21T19:59:05Z,219002177,54.930033,11.372600,7.3,Under way using engine
2026-08-21T19:59:09Z,219000811,54.891542,11.444905,9.1,Under way using engine
2026-08-21T19:59:30Z,219000809,54.910720,11.387507,9.4,Under way using engine
2026-08-21T19:59:35Z,219002177,54.931060,11.372418,7.3,Under way using engine
2026-08-21T19:59:39Z,219000811,54.892218,11.442975,9.1,Under way using engine
2026-08-21T20:00:05Z,219002177,54.932023,11.372218,7.0,Under way using engine
2026-08-21T20:00:09Z,219000811,54.892898,11.441077,9.1,Under way using engine
2026-08-21T20:00:10Z,219000809,54.909752,11.390002,9.4,Under way using engine
2026-08-21T20:00:35Z,219002177,54.932938,11.371968,6.8,Under way using engine
2026-08-21T20:00:39Z,219000811,54.893547,11.439305,9.1,Under way using engine
2026-08-21T20:00:50Z,219000809,54.908782,11.392538,9.4,Under way using engine
2026-08-21T20:01:05Z,219002177,54.933858,11.371657,6.6,Under way using engine
2026-08-21T20:01:09Z,219000811,54.894218,11.437410,9.1,Under way using engine
2026-08-21T20:01:26Z,219000809,54.908107,11.394953,9.2,Under way using engine
2026-08-21T20:01:35Z,219002177,54.934743,11.371467,6.3,Under way using engine
2026-08-21T20:01:40Z,219000811,54.894910,11.435508,9.1,Under way using engine
2026-08-21T20:01:56Z,219000809,54.908052,11.397033,8.7,Under way using engine
2026-08-21T20:02:05Z,219002177,54.935473,11.371633,4.3,Under way using engine
2026-08-21T20:02:20Z,219000811,54.895802,11.432980,9.2,Under way using engine
2026-08-21T20:02:26Z,219000809,54.908667,11.398845,8.7,Under way using engine
2026-08-21T20:02:50Z,219000811,54.896425,11.431077,9.1,Under way using engine
2026-08-21T20:02:53Z,219002177,54.935875,11.371900,1.1,Under way using engine
2026-08-21T20:02:56Z,219000809,54.909437,11.400495,8.8,Under way using engine
2026-08-21T20:03:20Z,219000811,54.897032,11.429167,9.1,Under way using engine
2026-08-21T20:03:23Z,219002177,54.935960,11.371985,0.1,Under way using engine
2026-08-21T20:03:30Z,219000809,54.910297,11.402362,8.8,Under way using engine
2026-08-21T20:03:50Z,219000811,54.897642,11.427165,9.2,Under way using engine
2026-08-21T20:03:54Z,219002177,54.935962,11.372020,0.0,Under way using engine
2026-08-21T20:04:10Z,219000809,54.911348,11.404562,8.7,Under way using engine
2026-08-21T20:04:20Z,219000811,54.898220,11.425212,9.2,Under way using engine
2026-08-21T20:04:33Z,219002177,54.935972,11.372012,0.0,Under way using engine
2026-08-21T20:04:50Z,219000809,54.912317,11.406667,8.7,Under way using engine
2026-08-21T20:04:50Z,219000811,54.898808,11.423267,9.1,Under way using engine
2026-08-21T20:05:05Z,219002177,54.935973,11.371983,0.0,Under way using engine
2026-08-21T20:05:20Z,219000811,54.899403,11.421352,9.1,Under way using engine
2026-08-21T20:05:29Z,219000809,54.913353,11.408852,8.8,Under way using engine
2026-08-21T20:05:54Z,219002177,54.935977,11.371982,0.0,Under way using engine
2026-08-21T20:05:59Z,219000809,54.914132,11.410500,8.8,Under way using engine
2026-08-21T20:06:09Z,219000811,54.900383,11.418177,9.1,Under way using engine
2026-08-21T20:06:29Z,219000809,54.914915,11.412152,8.9,Under way using engine
2026-08-21T20:06:33Z,219002177,54.935965,11.372023,0.0,Under way using engine
2026-08-21T20:06:40Z,219000811,54.900988,11.416195,9.0,Under way using engine
2026-08-21T20:06:59Z,219000809,54.915682,11.413813,8.9,Under way using engine
2026-08-21T20:07:05Z,219002177,54.935963,11.372048,0.1,Under way using engine
2026-08-21T20:07:20Z,219000811,54.901767,11.413613,9.0,Under way using engine
2026-08-21T20:07:29Z,219000809,54.916468,11.415457,8.8,Under way using engine
2026-08-21T20:07:45Z,219002177,54.935752,11.371853,2.1,Under way using engine
2026-08-21T20:07:59Z,219000811,54.902537,11.411133,8.9,Under way using engine
2026-08-21T20:08:00Z,219000809,54.917273,11.417188,9.0,Under way using engine
2026-08-21T20:08:24Z,219002177,54.935223,11.371397,4.1,Under way using engine
2026-08-21T20:08:29Z,219000811,54.903105,11.409327,8.9,Under way using engine
2026-08-21T20:08:39Z,219000809,54.918327,11.419358,9.0,Under way using engine
2026-08-21T20:08:54Z,219002177,54.934643,11.370932,4.8,Under way using engine
2026-08-21T20:08:59Z,219000811,54.903680,11.407438,8.9,Under way using engine
2026-08-21T20:09:09Z,219000809,54.918858,11.420545,8.9,Under way using engine
2026-08-21T20:09:24Z,219002177,54.933932,11.370835,5.3,Under way using engine
2026-08-21T20:09:29Z,219000811,54.904235,11.405535,8.9,Under way using engine
2026-08-21T20:09:39Z,219000809,54.919847,11.422782,9.1,Under way using engine
2026-08-21T20:09:54Z,219002177,54.933127,11.370907,5.9,Under way using engine
2026-08-21T20:10:09Z,219000811,54.905005,11.403008,8.9,Under way using engine
2026-08-21T20:10:10Z,219000809,54.920640,11.424560,9.0,Under way using engine
2026-08-21T20:10:24Z,219002177,54.932303,11.370947,6.2,Under way using engine
2026-08-21T20:10:40Z,219000811,54.905613,11.400997,8.9,Under way using engine
2026-08-21T20:10:50Z,219000809,54.921685,11.426877,9.1,Under way using engine
2026-08-21T20:10:54Z,219002177,54.931410,11.371042,6.5,Under way using engine
2026-08-21T20:11:20Z,219000809,54.922432,11.428538,9.1,Under way using engine
2026-08-21T20:11:20Z,219000811,54.906418,11.398503,9.0,Under way using engine
2026-08-21T20:11:24Z,219002177,54.930522,11.371175,6.6,Under way using engine
2026-08-21T20:11:50Z,219000809,54.923233,11.430353,9.0,Under way using engine
2026-08-21T20:11:50Z,219000811,54.907070,11.396560,9.0,Under way using engine
2026-08-21T20:11:54Z,219002177,54.929578,11.371270,6.6,Under way using engine
2026-08-21T20:12:20Z,219000811,54.907703,11.394705,9.1,Under way using engine
2026-08-21T20:12:24Z,219002177,54.928690,11.371382,6.6,Under way using engine
2026-08-21T20:12:30Z,219000809,54.924158,11.432652,9.1,Under way using engine
2026-08-21T20:12:50Z,219000811,54.908398,11.392945,8.9,Under way using engine
2026-08-21T20:12:54Z,219002177,54.927752,11.371503,6.6,Under way using engine
2026-08-21T20:13:00Z,219000809,54.924963,11.434375,9.1,Under way using engine
2026-08-21T20:13:20Z,219000811,54.909148,11.391345,8.6,Under way using engine
2026-08-21T20:13:24Z,219002177,54.926855,11.371620,6.5,Under way using engine
2026-08-21T20:13:30Z,219000809,54.925733,11.436112,9.1,Under way using engine
2026-08-21T20:13:50Z,219000811,54.909907,11.389722,8.8,Under way using engine
2026-08-21T20:13:54Z,219002177,54.925998,11.371733,6.0,Under way using engine
2026-08-21T20:14:00Z,219000809,54.926515,11.437865,9.1,Under way using engine
2026-08-21T20:14:20Z,219000811,54.910548,11.387633,9.5,Under way using engine
2026-08-21T20:14:24Z,219002177,54.925192,11.371795,5.7,Under way using engine
2026-08-21T20:14:30Z,219000809,54.927278,11.439593,9.1,Under way using engine
2026-08-21T20:14:50Z,219000811,54.911153,11.385688,9.6,Under way using engine
2026-08-21T20:14:54Z,219002177,54.924427,11.371903,5.5,Under way using engine
2026-08-21T20:15:00Z,219000809,54.928027,11.441357,9.1,Under way using engine
2026-08-21T20:15:24Z,219002177,54.923685,11.371998,5.4,Under way using engine
2026-08-21T20:15:29Z,219000811,54.912002,11.383093,9.4,Under way using engine
2026-08-21T20:15:30Z,219000809,54.928753,11.443138,9.1,Under way using engine
2026-08-21T20:15:54Z,219002177,54.922960,11.372103,5.3,Under way using engine
2026-08-21T20:15:59Z,219000811,54.912660,11.381162,9.4,Under way using engine
2026-08-21T20:16:00Z,219000809,54.929463,11.444938,9.0,Under way using engine
2026-08-21T20:16:24Z,219002177,54.922252,11.372198,5.0,Under way using engine
2026-08-21T20:16:29Z,219000811,54.913377,11.379187,9.3,Under way using engine
2026-08-21T20:16:30Z,219000809,54.930200,11.446672,8.9,Under way using engine
2026-08-21T20:16:59Z,219000811,54.914055,11.377378,9.3,Under way using engine
2026-08-21T20:17:00Z,219000809,54.931002,11.448337,9.1,Under way using engine
2026-08-21T20:17:03Z,219002177,54.921367,11.372348,4.6,Under way using engine
2026-08-21T20:17:29Z,219000811,54.914815,11.375455,9.4,Under way using engine
2026-08-21T20:17:30Z,219000809,54.931770,11.450072,9.1,Under way using engine
2026-08-21T20:17:34Z,219002177,54.920762,11.372425,4.3,Under way using engine
2026-08-21T20:17:59Z,219000811,54.915547,11.373598,9.3,Under way using engine
2026-08-21T20:18:00Z,219000809,54.932520,11.451798,9.0,Under way using engine
2026-08-21T20:18:05Z,219002177,54.920137,11.372405,4.5,Under way using engine
2026-08-21T20:18:29Z,219000811,54.916210,11.371720,9.2,Under way using engine
2026-08-21T20:18:30Z,219000809,54.933277,11.453457,9.1,Under way using engine
2026-08-21T20:18:44Z,219002177,54.919320,11.372300,4.7,Under way using engine
2026-08-21T20:18:59Z,219000811,54.916570,11.369602,9.0,Under way using engine
2026-08-21T20:19:00Z,219000809,54.934027,11.455273,9.0,Under way using engine
2026-08-21T20:19:15Z,219002177,54.918602,11.372143,5.2,Under way using engine
2026-08-21T20:19:29Z,219000811,54.916665,11.367488,8.8,Under way using engine
2026-08-21T20:19:30Z,219000809,54.934602,11.457103,9.0,Under way using engine
2026-08-21T20:19:54Z,219002177,54.917653,11.371780,5.4,Under way using engine
2026-08-21T20:19:59Z,219000811,54.916573,11.365637,8.0,Under way using engine
2026-08-21T20:20:00Z,219000809,54.935267,11.459027,9.0,Under way using engine
2026-08-21T20:20:24Z,219002177,54.917065,11.371020,4.9,Under way using engine
2026-08-21T20:20:29Z,219000811,54.916440,11.363938,6.8,Under way using engine
2026-08-21T20:20:30Z,219000809,54.935853,11.460855,9.0,Under way using engine
2026-08-21T20:20:54Z,219002177,54.916907,11.369967,4.9,Under way using engine
2026-08-21T20:20:59Z,219000811,54.916282,11.362525,5.9,Under way using engine
2026-08-21T20:21:00Z,219000809,54.936462,11.462813,9.0,Under way using engine
2026-08-21T20:21:24Z,219002177,54.916817,11.368692,5.3,Under way using engine
2026-08-21T20:21:29Z,219000811,54.916163,11.361400,4.7,Under way using engine
2026-08-21T20:21:30Z,219000809,54.937023,11.464652,8.9,Under way using engine
2026-08-21T20:21:54Z,219002177,54.916687,11.367423,5.6,Under way using engine
2026-08-21T20:21:59Z,219000811,54.915928,11.360875,2.9,Under way using engine
2026-08-21T20:22:00Z,219000809,54.937610,11.466637,8.9,Under way using engine
2026-08-21T20:22:24Z,219002177,54.916537,11.366003,5.8,Under way using engine
2026-08-21T20:22:29Z,219000811,54.915955,11.360905,0.4,Under way using engine
2026-08-21T20:22:30Z,219000809,54.938105,11.468492,8.9,Under way using engine
2026-08-21T20:22:54Z,219002177,54.916452,11.364647,5.9,Under way using engine
2026-08-21T20:22:59Z,219000811,54.916000,11.360693,1.0,Under way using engine
2026-08-21T20:23:00Z,219000809,54.938652,11.470495,8.9,Under way using engine
2026-08-21T20:23:29Z,219000811,54.916002,11.360195,2.1,Under way using engine
2026-08-21T20:23:30Z,219000809,54.939167,11.472358,8.9,Under way using engine
2026-08-21T20:23:35Z,219002177,54.916365,11.362748,5.4,Under way using engine
2026-08-21T20:23:59Z,219000811,54.916032,11.360073,0.4,Under way using engine
2026-08-21T20:24:00Z,219000809,54.939725,11.474352,8.9,Under way using engine
2026-08-21T20:24:05Z,219002177,54.916377,11.361663,4.1,Under way using engine
2026-08-21T20:24:29Z,219000811,54.916048,11.360012,0.2,Under way using engine
2026-08-21T20:24:30Z,219000809,54.940388,11.476027,8.7,Under way using engine
2026-08-21T20:24:35Z,219002177,54.916383,11.361030,2.3,Under way using engine
2026-08-21T20:24:59Z,219000811,54.916055,11.359975,0.1,Under way using engine
2026-08-21T20:25:00Z,219000809,54.941308,11.477542,9.0,Under way using engine
2026-08-21T20:25:05Z,219002177,54.916378,11.360680,1.1,Under way using engine
2026-08-21T20:25:29Z,219000811,54.916053,11.359975,0.1,Under way using engine
2026-08-21T20:25:30Z,219000809,54.942170,11.479005,9.0,Under way using engine
2026-08-21T20:25:35Z,219002177,54.916372,11.360538,0.4,Under way using engine
2026-08-21T20:25:59Z,219000811,54.916055,11.359978,0.0,Under way using engine
2026-08-21T20:26:00Z,219000809,54.943098,11.480553,9.0,Under way using engine
2026-08-21T20:26:24Z,219002177,54.916372,11.360537,0.0,Under way using engine
2026-08-21T20:26:29Z,219000811,54.916055,11.359980,0.0,Under way using engine
2026-08-21T20:26:30Z,219000809,54.944043,11.481867,9.0,Under way using engine
2026-08-21T20:26:54Z,219002177,54.916373,11.360535,0.0,Under way using engine
2026-08-21T20:26:59Z,219000811,54.916058,11.359978,0.0,Under way using engine
2026-08-21T20:27:00Z,219000809,54.945240,11.482658,9.0,Under way using engine
2026-08-21T20:27:24Z,219002177,54.916375,11.360525,0.0,Under way using engine
2026-08-21T20:27:29Z,219000811,54.916060,11.359978,0.0,Under way using engine
2026-08-21T20:27:30Z,219000809,54.946417,11.483190,9.1,Under way using engine
2026-08-21T20:27:54Z,219002177,54.916370,11.360532,0.0,Under way using engine
2026-08-21T20:27:59Z,219000811,54.916062,11.359977,0.0,Under way using engine
2026-08-21T20:28:09Z,219000809,54.948050,11.483908,9.1,Under way using engine
2026-08-21T20:28:24Z,219002177,54.916372,11.360538,0.0,Under way using engine
2026-08-21T20:28:30Z,219000811,54.916062,11.359977,0.0,Under way using engine
2026-08-21T20:28:39Z,219000809,54.949282,11.484447,9.1,Under way using engine
2026-08-21T20:28:54Z,219002177,54.916362,11.360540,0.0,Under way using engine
2026-08-21T20:29:09Z,219000809,54.950505,11.485012,9.1,Under way using engine
2026-08-21T20:29:09Z,219000811,54.916062,11.359977,0.0,Under way using engine
2026-08-21T20:29:24Z,219002177,54.916363,11.360552,0.0,Under way using engine
2026-08-21T20:29:39Z,219000809,54.951717,11.485587,9.0,Under way using engine
2026-08-21T20:29:40Z,219000811,54.916062,11.359977,0.0,Under way using engine
2026-08-21T20:29:54Z,219002177,54.916362,11.360558,0.0,Under way using engine
2026-08-21T20:30:09Z,219000809,54.952927,11.486160,9.0,Under way using engine
2026-08-21T20:30:20Z,219000811,54.916060,11.359973,0.0,Under way using engine
2026-08-21T20:30:24Z,219002177,54.916363,11.360550,0.0,Under way using engine
2026-08-21T20:30:39Z,219000809,54.954135,11.486727,9.1,Under way using engine
2026-08-21T20:30:50Z,219000811,54.916057,11.359972,0.0,Under way using engine
2026-08-21T20:30:54Z,219002177,54.916373,11.360562,0.0,Under way using engine
2026-08-21T20:31:09Z,219000809,54.955338,11.487283,9.0,Under way using engine
2026-08-21T20:31:20Z,219000811,54.916055,11.359973,0.0,Under way using engine
2026-08-21T20:31:24Z,219002177,54.916378,11.360548,0.0,Under way using engine
2026-08-21T20:31:39Z,219000809,54.956535,11.487842,8.8,Under way using engine
2026-08-21T20:31:50Z,219000811,54.916053,11.359975,0.0,Under way using engine
2026-08-21T20:32:03Z,219002177,54.916370,11.360537,0.0,Under way using engine
2026-08-21T20:32:09Z,219000809,54.957713,11.488413,9.0,Under way using engine
2026-08-21T20:32:20Z,219000811,54.916052,11.359978,0.0,Under way using engine
2026-08-21T20:32:34Z,219002177,54.916350,11.360532,0.0,Under way using engine
2026-08-21T20:32:39Z,219000809,54.958925,11.489018,9.1,Under way using engine
2026-08-21T20:32:50Z,219000811,54.916052,11.359982,0.0,Under way using engine
2026-08-21T20:33:04Z,219002177,54.916352,11.360522,0.0,Under way using engine
2026-08-21T20:33:09Z,219000809,54.959723,11.489418,9.0,Under way using engine
2026-08-21T20:33:20Z,219000811,54.916053,11.359983,0.0,Under way using engine
2026-08-21T20:33:34Z,219002177,54.916372,11.360540,0.0,Under way using engine
2026-08-21T20:33:39Z,219000809,54.961328,11.490235,9.1,Under way using engine
2026-08-21T20:34:00Z,219000811,54.916055,11.359983,0.0,Under way using engine
2026-08-21T20:34:04Z,219002177,54.916373,11.360548,0.0,Under way using engine
2026-08-21T20:34:09Z,219000809,54.962523,11.490852,9.0,Under way using engine
2026-08-21T20:34:34Z,219002177,54.916355,11.360668,1.2,Under way using engine
2026-08-21T20:34:39Z,219000809,54.963662,11.491618,8.9,Under way using engine
2026-08-21T20:34:39Z,219000811,54.916055,11.359982,0.0,Under way using engine
2026-08-21T20:35:04Z,219002177,54.916310,11.361373,3.7,Under way using engine
2026-08-21T20:35:09Z,219000809,54.964707,11.492762,9.0,Under way using engine
2026-08-21T20:35:10Z,219000811,54.916055,11.359977,0.0,Under way using engine
2026-08-21T20:35:34Z,219002177,54.916287,11.362545,5.1,Under way using engine
2026-08-21T20:35:40Z,219000809,54.965752,11.494097,9.1,Under way using engine
2026-08-21T20:35:48Z,219000811,54.916057,11.359973,0.0,Under way using engine
2026-08-21T20:36:04Z,219002177,54.916363,11.363848,5.9,Under way using engine
2026-08-21T20:36:19Z,219000809,54.967068,11.495830,9.0,Under way using engine
2026-08-21T20:36:20Z,219000811,54.916058,11.359970,0.0,Under way using engine
2026-08-21T20:36:34Z,219002177,54.916503,11.365385,6.4,Under way using engine
2026-08-21T20:36:49Z,219000809,54.968032,11.497098,9.0,Under way using engine
2026-08-21T20:36:59Z,219000811,54.916057,11.359967,0.0,Under way using engine
2026-08-21T20:37:04Z,219002177,54.916612,11.366908,6.7,Under way using engine
2026-08-21T20:37:19Z,219000809,54.969065,11.498470,9.1,Under way using engine
2026-08-21T20:37:29Z,219000811,54.916057,11.359963,0.0,Under way using engine
2026-08-21T20:37:34Z,219002177,54.916767,11.368577,6.9,Under way using engine
2026-08-21T20:37:49Z,219000809,54.970035,11.499740,9.0,Under way using engine
2026-08-21T20:37:59Z,219000811,54.916057,11.359962,0.0,Under way using engine
2026-08-21T20:38:04Z,219002177,54.916923,11.370167,6.9,Under way using engine
2026-08-21T20:38:19Z,219000809,54.971058,11.501098,9.0,Under way using engine
2026-08-21T20:38:29Z,219000811,54.916057,11.359963,0.0,Under way using engine
2026-08-21T20:38:34Z,219002177,54.917337,11.371510,5.8,Under way using engine
2026-08-21T20:38:50Z,219000809,54.971970,11.502643,8.8,Under way using engine
2026-08-21T20:38:59Z,219000811,54.916058,11.359960,0.0,Under way using engine
2026-08-21T20:39:04Z,219002177,54.918070,11.371778,5.8,Under way using engine
2026-08-21T20:39:23Z,219000809,54.972342,11.504823,8.6,Under way using engine
2026-08-21T20:39:29Z,219000811,54.916060,11.359958,0.0,Under way using engine
2026-08-21T20:39:35Z,219002177,54.918975,11.371892,6.5,Under way using engine
2026-08-21T20:39:53Z,219000809,54.972230,11.506880,8.6,Under way using engine
2026-08-21T20:39:59Z,219000811,54.916060,11.359960,0.0,Under way using engine
2026-08-21T20:40:14Z,219002177,54.920230,11.372082,6.9,Under way using engine
2026-08-21T20:40:29Z,219000811,54.916062,11.359962,0.0,Under way using engine
2026-08-21T20:40:30Z,219000809,54.972053,11.509303,7.7,Under way using engine
2026-08-21T20:40:44Z,219002177,54.921187,11.372195,7.2,Under way using engine
2026-08-21T20:41:00Z,219000809,54.971960,11.511015,7.0,Under way using engine
2026-08-21T20:41:10Z,219000811,54.916060,11.359962,0.0,Under way using engine
2026-08-21T20:41:15Z,219002177,54.922237,11.372322,7.4,Under way using engine
2026-08-21T20:41:30Z,219000809,54.971907,11.512470,5.5,Under way using engine
2026-08-21T20:41:49Z,219000811,54.916058,11.359965,0.0,Under way using engine
2026-08-21T20:41:54Z,219002177,54.923572,11.372512,7.4,Under way using engine
2026-08-21T20:42:00Z,219000809,54.971900,11.513522,3.8,Under way using engine
2026-08-21T20:42:19Z,219000811,54.916057,11.359968,0.0,Under way using engine
2026-08-21T20:42:25Z,219002177,54.924627,11.372672,7.4,Under way using engine
2026-08-21T20:42:30Z,219000809,54.971907,11.514170,2.1,Under way using engine
2026-08-21T20:42:49Z,219000811,54.916057,11.359970,0.0,Under way using engine
2026-08-21T20:42:55Z,219002177,54.925642,11.372830,7.3,Under way using engine
2026-08-21T20:43:00Z,219000809,54.971895,11.514497,0.9,Under way using engine
2026-08-21T20:43:19Z,219000811,54.916057,11.359972,0.0,Under way using engine
2026-08-21T20:43:35Z,219002177,54.926970,11.372885,7.2,Under way using engine
2026-08-21T20:43:40Z,219000809,54.971905,11.514577,0.1,Under way using engine
2026-08-21T20:43:49Z,219000811,54.916057,11.359973,0.0,Under way using engine
2026-08-21T20:44:15Z,219002177,54.928303,11.372743,7.2,Under way using engine
2026-08-21T20:44:19Z,219000811,54.916057,11.359973,0.0,Under way using engine
2026-08-21T20:44:20Z,219000809,54.971917,11.514577,0.0,Under way using engine
2026-08-21T20:44:49Z,219000811,54.916057,11.359972,0.0,Under way using engine
2026-08-21T20:44:50Z,219000809,54.971915,11.514580,0.0,Moored
2026-08-21T20:44:55Z,219002177,54.929643,11.372628,7.3,Under way using engine
2026-08-21T20:45:19Z,219000811,54.916055,11.359970,0.0,Under way using engine
2026-08-21T20:45:20Z,219000809,54.971908,11.514585,0.0,Moored
2026-08-21T20:45:25Z,219002177,54.930642,11.372537,7.3,Under way using engine
2026-08-21T20:45:49Z,219000811,54.916055,11.359968,0.0,Under way using engine
2026-08-21T20:45:55Z,219002177,54.931645,11.372440,7.2,Under way using engine
2026-08-21T20:46:19Z,219000811,54.916053,11.359967,0.0,Under way using engine
2026-08-21T20:46:25Z,219002177,54.932638,11.372338,7.0,Under way using engine
2026-08-21T20:46:49Z,219000811,54.916053,11.359967,0.0,Under way using engine
2026-08-21T20:46:55Z,219002177,54.933513,11.371862,6.6,Under way using engine
2026-08-21T20:47:19Z,219000811,54.916057,11.359968,0.0,Under way using engine
2026-08-21T20:47:25Z,219002177,54.934405,11.371510,6.6,Under way using engine
2026-08-21T20:47:41Z,219000809,54.971925,11.514577,0.0,Moored
2026-08-21T20:47:49Z,219000811,54.916058,11.359965,0.0,Under way using engine
2026-08-21T20:47:55Z,219002177,54.935227,11.371487,5.5,Under way using engine
2026-08-21T20:48:19Z,219000811,54.916060,11.359963,0.0,Under way using engine
2026-08-21T20:48:25Z,219002177,54.935693,11.371752,2.4,Under way using engine
2026-08-21T20:48:49Z,219000811,54.916060,11.359963,0.0,Under way using engine
2026-08-21T20:48:55Z,219002177,54.935867,11.371873,1.1,Under way using engine
2026-08-21T20:49:19Z,219000811,54.916062,11.359967,0.0,Under way using engine
2026-08-21T20:49:25Z,219002177,54.935965,11.371968,0.7,Under way using engine
2026-08-21T20:49:49Z,219000811,54.916060,11.359970,0.0,Under way using engine
2026-08-21T20:49:55Z,219002177,54.935967,11.371978,0.0,Under way using engine
2026-08-21T20:50:19Z,219000811,54.916060,11.359968,0.0,Under way using engine
2026-08-21T20:50:25Z,219002177,54.935962,11.371977,0.1,Under way using engine
2026-08-21T20:50:41Z,219000809,54.971923,11.514588,0.0,Moored
2026-08-21T20:50:49Z,219000811,54.916060,11.359967,0.0,Under way using engine
2026-08-21T20:51:03Z,219002177,54.935963,11.371977,0.0,Under way using engine
2026-08-21T20:51:19Z,219000811,54.916058,11.359965,0.0,Under way using engine
2026-08-21T20:51:34Z,219002177,54.935945,11.371978,0.0,Under way using engine
2026-08-21T20:51:49Z,219000811,54.916057,11.359965,0.0,Under way using engine
2026-08-21T20:52:13Z,219002177,54.935945,11.371987,0.0,Under way using engine
2026-08-21T20:52:19Z,219000811,54.916053,11.359965,0.0,Under way using engine
2026-08-21T20:52:43Z,219002177,54.935953,11.371990,0.0,Under way using engine
2026-08-21T20:52:49Z,219000811,54.916053,11.359963,0.0,Under way using engine
2026-08-21T20:53:13Z,219002177,54.935962,11.371982,0.0,Under way using engine
2026-08-21T20:53:19Z,219000811,54.916052,11.359963,0.0,Under way using engine
2026-08-21T20:53:41Z,219000809,54.971910,11.514560,0.0,Moored
2026-08-21T20:53:43Z,219002177,54.935962,11.371975,0.0,Under way using engine
2026-08-21T20:53:49Z,219000811,54.916053,11.359967,0.0,Under way using engine
2026-08-21T20:54:13Z,219002177,54.935963,11.371973,0.0,Under way using engine
2026-08-21T20:54:19Z,219000811,54.916058,11.359970,0.0,Under way using engine
2026-08-21T20:54:43Z,219002177,54.935948,11.371982,0.0,Under way using engine
2026-08-21T20:54:49Z,219000811,54.916060,11.359973,0.0,Under way using engine
2026-08-21T20:55:13Z,219002177,54.935958,11.371983,0.0,Under way using engine
2026-08-21T20:55:19Z,219000811,54.916063,11.359975,0.0,Under way using engine
2026-08-21T20:55:43Z,219002177,54.935963,11.371995,0.0,Under way using engine
2026-08-21T20:55:49Z,219000811,54.916063,11.359975,0.0,Under way using engine
2026-08-21T20:56:13Z,219002177,54.935967,11.371998,0.0,Under way using engine
2026-08-21T20:56:19Z,219000811,54.916062,11.359977,0.0,Under way using engine
2026-08-21T20:56:39Z,219000809,54.971910,11.514590,0.0,Moored
2026-08-21T20:56:43Z,219002177,54.935970,11.371992,0.0,Under way using engine
2026-08-21T20:56:49Z,219000811,54.916060,11.359975,0.0,Under way using engine
2026-08-21T20:57:09Z,219000809,54.971910,11.514590,0.0,Moored
2026-08-21T20:57:13Z,219002177,54.935968,11.371997,0.0,Under way using engine
2026-08-21T20:57:19Z,219000811,54.916058,11.359975,0.0,Under way using engine
2026-08-21T20:57:43Z,219002177,54.935975,11.371993,0.0,Under way using engine
2026-08-21T20:57:49Z,219000811,54.916055,11.359977,0.0,Under way using engine
2026-08-21T20:58:14Z,219002177,54.935963,11.372002,0.0,Under way using engine
2026-08-21T20:58:19Z,219000811,54.916055,11.359978,0.0,Under way using engine
2026-08-21T20:58:49Z,219000811,54.916053,11.359982,0.0,Under way using engine
2026-08-21T20:58:54Z,219002177,54.935957,11.371998,0.0,Under way using engine
2026-08-21T20:59:19Z,219000811,54.916053,11.359983,0.0,Under way using engine
2026-08-21T20:59:25Z,219002177,54.935952,11.371997,0.0,Under way using engine
2026-08-21T20:59:39Z,219000809,54.971907,11.514598,0.0,Moored
2026-08-21T20:59:49Z,219000811,54.916053,11.359982,0.0,Under way using engine
2026-08-21T21:00:03Z,219002177,54.935955,11.371992,0.0,Under way using engine
2026-08-21T21:00:19Z,219000811,54.916053,11.359983,0.0,Under way using engine
2026-08-21T21:00:35Z,219002177,54.935960,11.371975,0.0,Under way using engine
2026-08-21T21:00:49Z,219000811,54.916052,11.359985,0.0,Under way using engine
2026-08-21T21:01:14Z,219002177,54.935965,11.371975,0.0,Under way using engine
2026-08-21T21:01:19Z,219000811,54.916052,11.359985,0.0,Under way using engine
2026-08-21T21:01:49Z,219000811,54.916050,11.359985,0.0,Under way using engine
2026-08-21T21:01:54Z,219002177,54.935962,11.371988,0.0,Under way using engine
2026-08-21T21:02:19Z,219000811,54.916052,11.359985,0.0,Under way using engine
2026-08-21T21:02:25Z,219002177,54.935965,11.371997,0.0,Under way using engine
2026-08-21T21:02:40Z,219000809,54.971905,11.514598,0.0,Moored
2026-08-21T21:02:49Z,219000811,54.916055,11.359985,0.0,Under way using engine
2026-08-21T21:03:03Z,219002177,54.935978,11.372003,0.0,Under way using engine
2026-08-21T21:03:19Z,219000811,54.916057,11.359983,0.0,Under way using engine
2026-08-21T21:03:35Z,219002177,54.935982,11.372010,0.0,Under way using engine
2026-08-21T21:03:49Z,219000811,54.916058,11.359982,0.0,Under way using engine
2026-08-21T21:04:05Z,219002177,54.935975,11.372000,0.0,Under way using engine
2026-08-21T21:04:19Z,219000811,54.916057,11.359980,0.0,Under way using engine
2026-08-21T21:04:35Z,219002177,54.935980,11.372000,0.0,Under way using engine
2026-08-21T21:04:49Z,219000811,54.916057,11.359975,0.0,Under way using engine
2026-08-21T21:05:05Z,219002177,54.935972,11.372008,0.0,Under way using engine
2026-08-21T21:05:19Z,219000811,54.916055,11.359973,0.0,Under way using engine
2026-08-21T21:05:35Z,219002177,54.935967,11.372010,0.0,Under way using engine
2026-08-21T21:05:41Z,219000809,54.971925,11.514582,0.0,Moored
2026-08-21T21:05:49Z,219000811,54.916053,11.359972,0.0,Under way using engine
2026-08-21T21:06:05Z,219002177,54.935963,11.372017,0.0,Under way using engine
2026-08-21T21:06:19Z,219000811,54.916053,11.359968,0.0,Under way using engine
2026-08-21T21:06:44Z,219002177,54.935950,11.372010,0.0,Under way using engine
2026-08-21T21:06:49Z,219000811,54.916055,11.359968,0.0,Under way using engine
2026-08-21T21:07:14Z,219002177,54.935977,11.371995,0.0,Under way using engine
2026-08-21T21:07:19Z,219000811,54.916055,11.359970,0.0,Under way using engine
2026-08-21T21:07:44Z,219002177,54.935980,11.372002,0.0,Under way using engine
2026-08-21T21:07:49Z,219000811,54.916057,11.359972,0.0,Under way using engine
2026-08-21T21:08:14Z,219002177,54.935980,11.372005,0.0,Under way using engine
2026-08-21T21:08:19Z,219000811,54.916058,11.359975,0.0,Under way using engine
2026-08-21T21:08:38Z,219000809,54.971917,11.514573,0.0,Moored
2026-08-21T21:08:44Z,219002177,54.935983,11.371988,0.0,Under way using engine
2026-08-21T21:08:49Z,219000811,54.916058,11.359978,0.0,Under way using engine
2026-08-21T21:09:09Z,219000809,54.971917,11.514573,0.0,Moored
2026-08-21T21:09:14Z,219002177,54.935982,11.371982,0.0,Under way using engine
2026-08-21T21:09:19Z,219000811,54.916058,11.359982,0.0,Under way using engine
2026-08-21T21:09:44Z,219002177,54.935973,11.371985,0.0,Under way using engine
2026-08-21T21:09:49Z,219000811,54.916058,11.359978,0.0,Under way using engine
2026-08-21T21:10:14Z,219002177,54.935973,11.371983,0.0,Under way using engine
2026-08-21T21:10:19Z,219000811,54.916058,11.359978,0.0,Under way using engine
2026-08-21T21:10:44Z,219002177,54.935963,11.371995,0.0,Under way using engine
2026-08-21T21:10:50Z,219000811,54.916058,11.359978,0.0,Under way using engine
2026-08-21T21:11:14Z,219002177,54.935967,11.371992,0.0,Under way using engine
2026-08-21T21:11:29Z,219000811,54.916058,11.359977,0.0,Under way using engine
2026-08-21T21:11:40Z,219000809,54.971903,11.514578,0.0,Moored
2026-08-21T21:11:44Z,219002177,54.935980,11.371980,0.0,Under way using engine
2026-08-21T21:11:59Z,219000811,54.916060,11.359975,0.0,Under way using engine
2026-08-21T21:12:14Z,219002177,54.935965,11.371995,0.0,Under way using engine
2026-08-21T21:12:29Z,219000811,54.916062,11.359975,0.0,Under way using engine
2026-08-21T21:12:44Z,219002177,54.935982,11.371988,0.0,Under way using engine
2026-08-21T21:12:59Z,219000811,54.916060,11.359975,0.0,Under way using engine
2026-08-21T21:13:14Z,219002177,54.935985,11.371980,0.0,Under way using engine
2026-08-21T21:13:29Z,219000811,54.916058,11.359975,0.0,Under way using engine
2026-08-21T21:13:55Z,219002177,54.935975,11.371983,0.0,Under way using engine
2026-08-21T21:13:59Z,219000811,54.916055,11.359973,0.0,Under way using engine
2026-08-21T21:14:29Z,219000811,54.916050,11.359977,0.0,Under way using engine
2026-08-21T21:14:35Z,219002177,54.935990,11.371985,0.0,Under way using engine
2026-08-21T21:14:39Z,219000809,54.971895,11.514608,0.0,Moored
2026-08-21T21:14:59Z,219000811,54.916048,11.359977,0.0,Under way using engine
2026-08-21T21:15:09Z,219000809,54.971895,11.514608,0.0,Moored
2026-08-21T21:15:14Z,219002177,54.935985,11.371985,0.0,Under way using engine
2026-08-21T21:15:29Z,219000811,54.916043,11.359973,0.0,Under way using engine
2026-08-21T21:15:55Z,219002177,54.935968,11.371973,0.0,Under way using engine
2026-08-21T21:16:00Z,219000811,54.916042,11.359972,0.0,Under way using engine
2026-08-21T21:16:35Z,219002177,54.935990,11.371968,0.0,Under way using engine
2026-08-21T21:16:40Z,219000811,54.916042,11.359970,0.0,Under way using engine
2026-08-21T21:17:14Z,219002177,54.935943,11.372000,0.0,Under way using engine
2026-08-21T21:17:19Z,219000811,54.916045,11.359970,0.0,Under way using engine
2026-08-21T21:17:40Z,219000809,54.971903,11.514595,0.0,Moored
2026-08-21T21:17:50Z,219000811,54.916048,11.359970,0.0,Under way using engine
2026-08-21T21:17:54Z,219002177,54.935957,11.371997,0.0,Under way using engine
2026-08-21T21:18:22Z,219000811,54.916050,11.359970,0.0,Under way using engine
2026-08-21T21:18:24Z,219002177,54.935958,11.372000,0.0,Under way using engine
2026-08-21T21:18:54Z,219002177,54.935965,11.371995,0.0,Under way using engine
2026-08-21T21:19:00Z,219000811,54.916055,11.359968,0.0,Under way using engine
2026-08-21T21:19:24Z,219002177,54.935967,11.371985,0.0,Under way using engine
2026-08-21T21:19:40Z,219000811,54.916055,11.359968,0.0,Under way using engine
2026-08-21T21:19:54Z,219002177,54.935960,11.372005,0.0,Under way using engine
2026-08-21T21:20:19Z,219000811,54.916052,11.359970,0.0,Under way using engine
2026-08-21T21:20:24Z,219002177,54.935975,11.372002,0.0,Under way using engine
2026-08-21T21:20:40Z,219000809,54.971920,11.514575,0.0,Moored
2026-08-21T21:20:50Z,219000811,54.916048,11.359972,0.0,Under way using engine
2026-08-21T21:20:54Z,219002177,54.935970,11.372012,0.0,Under way using engine
2026-08-21T21:21:24Z,219002177,54.935978,11.371998,0.0,Under way using engine
2026-08-21T21:21:29Z,219000811,54.916050,11.359973,0.0,Under way using engine
2026-08-21T21:21:54Z,219002177,54.935972,11.371995,0.0,Under way using engine
2026-08-21T21:21:59Z,219000811,54.916050,11.359977,0.0,Under way using engine
2026-08-21T21:22:24Z,219002177,54.935968,11.371987,0.0,Under way using engine
2026-08-21T21:22:29Z,219000811,54.916052,11.359978,0.0,Under way using engine
2026-08-21T21:22:54Z,219002177,54.935968,11.371985,0.0,Under way using engine
2026-08-21T21:22:59Z,219000811,54.916055,11.359978,0.0,Under way using engine
2026-08-21T21:23:29Z,219000811,54.916057,11.359980,0.0,Under way using engine
2026-08-21T21:23:33Z,219002177,54.935962,11.372007,0.0,Under way using engine
2026-08-21T21:23:40Z,219000809,54.971902,11.514583,0.0,Moored
2026-08-21T21:23:59Z,219000811,54.916060,11.359980,0.0,Under way using engine
2026-08-21T21:24:04Z,219002177,54.935958,11.372002,0.0,Under way using engine
2026-08-21T21:24:29Z,219000811,54.916065,11.359982,0.0,Under way using engine
2026-08-21T21:24:44Z,219002177,54.935957,11.371990,0.0,Under way using engine
2026-08-21T21:24:59Z,219000811,54.916065,11.359982,0.0,Under way using engine
2026-08-21T21:25:14Z,219002177,54.935947,11.371988,0.0,Under way using engine
2026-08-21T21:25:29Z,219000811,54.916065,11.359982,0.0,Under way using engine
2026-08-21T21:25:44Z,219002177,54.935987,11.371963,0.0,Under way using engine
2026-08-21T21:25:59Z,219000811,54.916065,11.359983,0.0,Under way using engine
2026-08-21T21:26:14Z,219002177,54.935965,11.371983,0.0,Under way using engine
2026-08-21T21:26:29Z,219000811,54.916065,11.359985,0.0,Under way using engine
2026-08-21T21:26:39Z,219000809,54.971907,11.514563,0.0,Moored
2026-08-21T21:26:44Z,219002177,54.935977,11.371983,0.0,Under way using engine
2026-08-21T21:27:00Z,219000811,54.916065,11.359983,0.0,Under way using engine
2026-08-21T21:27:09Z,219000809,54.971907,11.514563,0.0,Moored
2026-08-21T21:27:14Z,219002177,54.935967,11.371998,0.0,Under way using engine
2026-08-21T21:27:44Z,219002177,54.935977,11.372003,0.0,Under way using engine
2026-08-21T21:27:50Z,219000811,54.916065,11.359980,0.0,Under way using engine
2026-08-21T21:28:14Z,219002177,54.935983,11.372002,0.0,Under way using engine
2026-08-21T21:28:29Z,219000811,54.916065,11.359980,0.0,Under way using engine
2026-08-21T21:28:54Z,219002177,54.935962,11.372015,0.0,Under way using engine
2026-08-21T21:29:00Z,219000811,54.916063,11.359980,0.0,Under way using engine
2026-08-21T21:29:24Z,219002177,54.935998,11.371975,0.0,Under way using engine
2026-08-21T21:29:30Z,219000811,54.916063,11.359980,0.0,Under way using engine
2026-08-21T21:29:39Z,219000809,54.971925,11.514575,0.0,Moored
2026-08-21T21:29:54Z,219002177,54.935980,11.371992,0.0,Under way using engine
2026-08-21T21:30:00Z,219000811,54.916063,11.359980,0.0,Under way using engine
2026-08-21T21:30:30Z,219000811,54.916062,11.359982,0.0,Under way using engine
2026-08-21T21:30:34Z,219002177,54.935972,11.371993,0.0,Under way using engine
2026-08-21T21:31:00Z,219000811,54.916062,11.359983,0.0,Under way using engine
2026-08-21T21:31:14Z,219002177,54.935975,11.371975,0.0,Under way using engine
2026-08-21T21:31:30Z,219000811,54.916062,11.359982,0.0,Under way using engine
2026-08-21T21:31:54Z,219002177,54.935983,11.371982,0.0,Under way using engine
2026-08-21T21:32:00Z,219000811,54.916060,11.359982,0.0,Under way using engine
2026-08-21T21:32:30Z,219000811,54.916060,11.359982,0.0,Under way using engine
2026-08-21T21:32:34Z,219002177,54.935965,11.371985,0.0,Under way using engine
2026-08-21T21:32:39Z,219000809,54.971947,11.514543,0.0,Moored
2026-08-21T21:33:00Z,219000811,54.916060,11.359985,0.0,Under way using engine
2026-08-21T21:33:09Z,219000809,54.971947,11.514543,0.0,Moored
2026-08-21T21:33:14Z,219002177,54.935987,11.371972,0.0,Under way using engine
2026-08-21T21:33:39Z,219000811,54.916058,11.359988,0.0,Under way using engine
2026-08-21T21:33:54Z,219002177,54.935983,11.371980,0.1,Under way using engine
2026-08-21T21:34:09Z,219000811,54.916058,11.359987,0.0,Under way using engine
2026-08-21T21:34:24Z,219002177,54.935963,11.372003,0.0,Under way using engine
2026-08-21T21:34:39Z,219000811,54.916060,11.359987,0.0,Under way using engine
2026-08-21T21:34:54Z,219002177,54.935982,11.371993,0.0,Under way using engine
2026-08-21T21:35:09Z,219000811,54.916062,11.359988,0.0,Under way using engine
2026-08-21T21:35:24Z,219002177,54.935972,11.372002,0.0,Under way using engine
2026-08-21T21:35:39Z,219000811,54.916062,11.359987,0.0,Under way using engine
2026-08-21T21:35:40Z,219000809,54.971927,11.514563,0.0,Moored
2026-08-21T21:35:54Z,219002177,54.935973,11.372000,0.1,Under way using engine
2026-08-21T21:36:09Z,219000811,54.916062,11.359985,0.0,Under way using engine
2026-08-21T21:36:24Z,219002177,54.935947,11.372018,0.0,Under way using engine
2026-08-21T21:36:39Z,219000811,54.916060,11.359983,0.0,Under way using engine
2026-08-21T21:36:54Z,219002177,54.935982,11.371995,0.0,Under way using engine
2026-08-21T21:37:09Z,219000811,54.916063,11.359983,0.0,Under way using engine
2026-08-21T21:37:24Z,219002177,54.935960,11.372007,0.0,Under way using engine
2026-08-21T21:37:39Z,219000811,54.916062,11.359982,0.0,Under way using engine
2026-08-21T21:37:54Z,219002177,54.935967,11.371995,0.0,Under way using engine
2026-08-21T21:38:09Z,219000811,54.916060,11.359978,0.0,Under way using engine
2026-08-21T21:38:24Z,219002177,54.935963,11.371993,0.0,Under way using engine
2026-08-21T21:38:39Z,219000811,54.916060,11.359980,0.0,Under way using engine
2026-08-21T21:38:41Z,219000809,54.971915,11.514570,0.1,Moored
2026-08-21T21:38:54Z,219002177,54.935973,11.371975,0.1,Under way using engine
2026-08-21T21:39:09Z,219000811,54.916060,11.359977,0.0,Under way using engine
2026-08-21T21:39:24Z,219002177,54.935958,11.371987,0.0,Under way using engine
2026-08-21T21:39:39Z,219000811,54.916062,11.359977,0.0,Under way using engine
2026-08-21T21:39:54Z,219002177,54.935932,11.372007,0.1,Under way using engine
2026-08-21T21:40:09Z,219000811,54.916062,11.359977,0.0,Under way using engine
2026-08-21T21:40:24Z,219002177,54.935953,11.371992,0.0,Under way using engine
2026-08-21T21:40:39Z,219000811,54.916065,11.359977,0.0,Under way using engine
2026-08-21T21:40:54Z,219002177,54.935923,11.372015,0.1,Under way using engine
2026-08-21T21:41:09Z,219000811,54.916062,11.359980,0.0,Under way using engine
2026-08-21T21:41:24Z,219002177,54.935958,11.371990,0.0,Under way using engine
2026-08-21T21:41:39Z,219000809,54.971903,11.514577,0.0,Moored
2026-08-21T21:41:39Z,219000811,54.916065,11.359983,0.0,Under way using engine
2026-08-21T21:41:54Z,219002177,54.935972,11.371993,0.0,Under way using engine
2026-08-21T21:42:09Z,219000811,54.916063,11.359983,0.0,Under way using engine
2026-08-21T21:42:34Z,219002177,54.935983,11.372000,0.0,Under way using engine
2026-08-21T21:42:39Z,219000811,54.916063,11.359985,0.0,Under way using engine
2026-08-21T21:43:04Z,219002177,54.935968,11.372027,0.0,Under way using engine
2026-08-21T21:43:09Z,219000811,54.916063,11.359983,0.0,Under way using engine
2026-08-21T21:43:34Z,219002177,54.935972,11.372025,0.0,Under way using engine
2026-08-21T21:43:40Z,219000811,54.916062,11.359982,0.0,Under way using engine
2026-08-21T21:44:05Z,219002177,54.935967,11.372003,0.0,Under way using engine
2026-08-21T21:44:20Z,219000811,54.916062,11.359977,0.0,Under way using engine
2026-08-21T21:44:40Z,219000809,54.971893,11.514588,0.0,Moored
2026-08-21T21:44:44Z,219002177,54.935957,11.371993,0.0,Under way using engine
2026-08-21T21:44:50Z,219000811,54.916060,11.359977,0.0,Under way using engine
2026-08-21T21:45:14Z,219002177,54.935960,11.371987,0.0,Under way using engine
2026-08-21T21:45:20Z,219000811,54.916060,11.359978,0.0,Under way using engine
2026-08-21T21:45:44Z,219002177,54.935950,11.371990,0.0,Under way using engine
2026-08-21T21:45:50Z,219000811,54.916060,11.359980,0.0,Under way using engine
2026-08-21T21:46:14Z,219002177,54.935988,11.371963,0.0,Under way using engine
2026-08-21T21:46:20Z,219000811,54.916058,11.359982,0.0,Under way using engine
2026-08-21T21:46:44Z,219002177,54.935963,11.371980,0.0,Under way using engine
2026-08-21T21:46:50Z,219000811,54.916058,11.359983,0.0,Under way using engine
2026-08-21T21:47:15Z,219002177,54.935943,11.371982,0.0,Under way using engine
2026-08-21T21:47:20Z,219000811,54.916062,11.359985,0.0,Under way using engine
2026-08-21T21:47:42Z,219000809,54.971913,11.514573,0.0,Moored
2026-08-21T21:47:45Z,219002177,54.935928,11.371995,0.0,Under way using engine
2026-08-21T21:47:50Z,219000811,54.916065,11.359985,0.0,Under way using engine
2026-08-21T21:48:15Z,219002177,54.935947,11.372003,0.0,Under way using engine
2026-08-21T21:48:20Z,219000811,54.916067,11.359983,0.0,Under way using engine
2026-08-21T21:48:45Z,219002177,54.935962,11.372015,0.0,Under way using engine
2026-08-21T21:48:50Z,219000811,54.916068,11.359985,0.0,Under way using engine
2026-08-21T21:49:15Z,219002177,54.935973,11.372023,0.0,Under way using engine
2026-08-21T21:49:20Z,219000811,54.916070,11.359985,0.0,Under way using engine
2026-08-21T21:49:45Z,219002177,54.935982,11.372020,0.0,Under way using engine
2026-08-21T21:49:50Z,219000811,54.916070,11.359983,0.0,Under way using engine
2026-08-21T21:50:15Z,219002177,54.935982,11.372027,0.0,Under way using engine
2026-08-21T21:50:20Z,219000811,54.916070,11.359982,0.0,Under way using engine
2026-08-21T21:50:41Z,219000809,54.971900,11.514578,0.0,Moored
2026-08-21T21:50:45Z,219002177,54.935968,11.372023,0.0,Under way using engine
2026-08-21T21:50:50Z,219000811,54.916070,11.359982,0.0,Under way using engine
2026-08-21T21:51:15Z,219002177,54.935948,11.372017,0.0,Under way using engine
2026-08-21T21:51:20Z,219000811,54.916068,11.359980,0.0,Under way using engine
2026-08-21T21:51:45Z,219002177,54.935923,11.372020,0.0,Under way using engine
2026-08-21T21:52:00Z,219000811,54.916065,11.359980,0.0,Under way using engine
2026-08-21T21:52:15Z,219002177,54.935917,11.372017,0.0,Under way using engine
2026-08-21T21:52:30Z,219000811,54.916063,11.359982,0.0,Under way using engine
2026-08-21T21:52:45Z,219002177,54.935918,11.372018,0.0,Under way using engine
2026-08-21T21:53:00Z,219000811,54.916063,11.359982,0.0,Under way using engine
2026-08-21T21:53:15Z,219002177,54.935920,11.372003,0.0,Under way using engine
2026-08-21T21:53:30Z,219000811,54.916065,11.359977,0.0,Under way using engine
2026-08-21T21:53:40Z,219000809,54.971903,11.514583,0.0,Moored
2026-08-21T21:53:45Z,219002177,54.935933,11.372003,0.0,Under way using engine
2026-08-21T21:54:08Z,219000811,54.916067,11.359977,0.0,Under way using engine
2026-08-21T21:54:15Z,219002177,54.935940,11.372002,0.0,Under way using engine
2026-08-21T21:54:40Z,219000811,54.916070,11.359978,0.0,Under way using engine
2026-08-21T21:54:45Z,219002177,54.935947,11.372013,0.0,Under way using engine
2026-08-21T21:55:15Z,219002177,54.935950,11.372007,0.0,Under way using engine
2026-08-21T21:55:19Z,219000811,54.916070,11.359977,0.0,Under way using engine
2026-08-21T21:55:45Z,219002177,54.935952,11.372007,0.0,Under way using engine
2026-08-21T21:55:49Z,219000811,54.916072,11.359975,0.0,Under way using engine
2026-08-21T21:56:15Z,219002177,54.935945,11.371997,0.0,Under way using engine
2026-08-21T21:56:19Z,219000811,54.916068,11.359980,0.0,Under way using engine
2026-08-21T21:56:41Z,219000809,54.971900,11.514590,0.0,Moored
2026-08-21T21:56:49Z,219000811,54.916067,11.359982,0.0,Under way using engine
2026-08-21T21:56:54Z,219002177,54.935948,11.372003,0.0,Under way using engine
2026-08-21T21:57:20Z,219000811,54.916067,11.359982,0.0,Under way using engine
2026-08-21T21:57:35Z,219002177,54.935940,11.371993,0.0,Under way using engine
2026-08-21T21:57:59Z,219000811,54.916067,11.359980,0.0,Under way using engine
2026-08-21T21:58:05Z,219002177,54.935945,11.371995,0.0,Under way using engine
2026-08-21T21:58:40Z,219000811,54.916063,11.359980,0.0,Under way using engine
2026-08-21T21:58:44Z,219002177,54.935948,11.371987,0.0,Under way using engine
2026-08-21T21:59:15Z,219002177,54.935945,11.371987,0.0,Under way using engine
2026-08-21T21:59:20Z,219000811,54.916062,11.359980,0.0,Under way using engine
2026-08-21T21:59:41Z,219000809,54.971893,11.514615,0.0,Moored
2026-08-21T21:59:50Z,219000811,54.916060,11.359977,0.0,Under way using engine
2026-08-21T21:59:54Z,219002177,54.935938,11.372003,0.0,Under way using engine
2026-08-21T22:00:20Z,219000811,54.916057,11.359977,0.0,Under way using engine
2026-08-21T22:00:34Z,219002177,54.935948,11.372007,0.0,Under way using engine
2026-08-21T22:00:50Z,219000811,54.916057,11.359978,0.0,Under way using engine
2026-08-21T22:01:14Z,219002177,54.935963,11.372023,0.0,Under way using engine
2026-08-21T22:01:20Z,219000811,54.916057,11.359977,0.0,Under way using engine
2026-08-21T22:01:45Z,219002177,54.935967,11.372032,0.0,Under way using engine
2026-08-21T22:01:50Z,219000811,54.916057,11.359975,0.0,Under way using engine
2026-08-21T22:02:20Z,219000811,54.916057,11.359972,0.0,Under way using engine
2026-08-21T22:02:24Z,219002177,54.935953,11.371990,0.0,Under way using engine
2026-08-21T22:02:38Z,219000809,54.971923,11.514580,0.0,Moored
2026-08-21T22:02:50Z,219000811,54.916058,11.359973,0.0,Under way using engine
2026-08-21T22:02:54Z,219002177,54.935947,11.371997,0.0,Under way using engine
2026-08-21T22:03:09Z,219000809,54.971923,11.514580,0.0,Moored
2026-08-21T22:03:20Z,219000811,54.916060,11.359972,0.0,Under way using engine
2026-08-21T22:03:24Z,219002177,54.935960,11.371982,0.0,Under way using engine
2026-08-21T22:03:50Z,219000811,54.916063,11.359973,0.0,Under way using engine
2026-08-21T22:03:55Z,219002177,54.935952,11.371988,0.0,Under way using engine
2026-08-21T22:04:29Z,219000811,54.916063,11.359977,0.0,Under way using engine
2026-08-21T22:04:34Z,219002177,54.935963,11.371980,0.0,Under way using engine
2026-08-21T22:05:00Z,219000811,54.916063,11.359978,0.0,Under way using engine
2026-08-21T22:05:14Z,219002177,54.935950,11.371992,0.0,Under way using engine
2026-08-21T22:05:39Z,219000811,54.916060,11.359982,0.0,Under way using engine
2026-08-21T22:05:45Z,219002177,54.935950,11.372020,0.0,Under way using engine
2026-08-21T22:06:10Z,219000811,54.916060,11.359983,0.0,Under way using engine
2026-08-21T22:06:24Z,219002177,54.935932,11.372008,0.0,Under way using engine
2026-08-21T22:06:50Z,219000811,54.916062,11.359980,0.0,Under way using engine
2026-08-21T22:06:55Z,219002177,54.935932,11.372005,0.0,Under way using engine
2026-08-21T22:07:29Z,219000811,54.916065,11.359978,0.0,Under way using engine
2026-08-21T22:07:34Z,219002177,54.935923,11.372003,0.0,Under way using engine
2026-08-21T22:08:00Z,219000811,54.916065,11.359982,0.0,Under way using engine
2026-08-21T22:08:04Z,219002177,54.935927,11.371997,0.0,Under way using engine
2026-08-21T22:08:34Z,219002177,54.935920,11.372033,0.0,Under way using engine
2026-08-21T22:08:39Z,219000809,54.971915,11.514588,0.0,Moored
2026-08-21T22:08:39Z,219000811,54.916062,11.359983,0.0,Under way using engine
2026-08-21T22:09:04Z,219002177,54.935927,11.372017,0.0,Under way using engine
2026-08-21T22:09:09Z,219000809,54.971915,11.514588,0.0,Moored
2026-08-21T22:09:09Z,219000811,54.916062,11.359983,0.0,Under way using engine
2026-08-21T22:09:34Z,219002177,54.935932,11.372018,0.0,Under way using engine
2026-08-21T22:09:39Z,219000811,54.916063,11.359983,0.0,Under way using engine
2026-08-21T22:10:04Z,219002177,54.935918,11.372047,0.0,Under way using engine
2026-08-21T22:10:09Z,219000811,54.916067,11.359982,0.0,Under way using engine
2026-08-21T22:10:34Z,219002177,54.935942,11.372022,0.0,Under way using engine
2026-08-21T22:10:40Z,219000811,54.916067,11.359980,0.0,Under way using engine
2026-08-21T22:11:04Z,219002177,54.935968,11.372000,0.0,Under way using engine
2026-08-21T22:11:20Z,219000811,54.916067,11.359978,0.0,Under way using engine
2026-08-21T22:11:34Z,219002177,54.935952,11.372018,0.0,Under way using engine
2026-08-21T22:11:42Z,219000809,54.971917,11.514575,0.0,Moored
2026-08-21T22:11:50Z,219000811,54.916067,11.359977,0.0,Under way using engine
2026-08-21T22:12:04Z,219002177,54.935940,11.372023,0.0,Under way using engine
2026-08-21T22:12:20Z,219000811,54.916067,11.359977,0.0,Under way using engine
2026-08-21T22:12:34Z,219002177,54.935943,11.372010,0.0,Under way using engine
2026-08-21T22:12:50Z,219000811,54.916065,11.359978,0.0,Under way using engine
2026-08-21T22:13:04Z,219002177,54.935965,11.372010,0.0,Under way using engine
2026-08-21T22:13:20Z,219000811,54.916065,11.359978,0.0,Under way using engine
2026-08-21T22:13:45Z,219002177,54.935962,11.372015,0.0,Under way using engine
2026-08-21T22:13:58Z,219000811,54.916065,11.359978,0.0,Under way using engine
2026-08-21T22:14:23Z,219002177,54.935933,11.372000,0.0,Under way using engine
2026-08-21T22:14:29Z,219000811,54.916067,11.359978,0.0,Under way using engine
2026-08-21T22:14:41Z,219000809,54.971952,11.514593,0.1,Moored
2026-08-21T22:14:55Z,219002177,54.935935,11.372008,0.0,Under way using engine
2026-08-21T22:14:59Z,219000811,54.916065,11.359980,0.0,Under way using engine
2026-08-21T22:15:29Z,219000811,54.916065,11.359982,0.0,Under way using engine
2026-08-21T22:15:33Z,219002177,54.935933,11.372030,0.0,Under way using engine
2026-08-21T22:15:59Z,219000811,54.916065,11.359978,0.0,Under way using engine
2026-08-21T22:16:05Z,219002177,54.935935,11.372013,0.0,Under way using engine
2026-08-21T22:16:29Z,219000811,54.916067,11.359973,0.0,Under way using engine
2026-08-21T22:16:45Z,219002177,54.935952,11.371977,0.0,Under way using engine
2026-08-21T22:17:00Z,219000811,54.916070,11.359970,0.0,Under way using engine
2026-08-21T22:17:23Z,219002177,54.935938,11.371988,0.0,Under way using engine
2026-08-21T22:17:39Z,219000811,54.916078,11.359963,0.0,Under way using engine
2026-08-21T22:17:42Z,219000809,54.971935,11.514577,0.0,Moored
2026-08-21T22:17:55Z,219002177,54.935942,11.372017,0.0,Under way using engine
2026-08-21T22:18:09Z,219000811,54.916082,11.359960,0.0,Under way using engine
2026-08-21T22:18:35Z,219002177,54.935947,11.372015,0.0,Under way using engine
2026-08-21T22:18:39Z,219000811,54.916083,11.359960,0.0,Under way using engine
2026-08-21T22:19:14Z,219002177,54.935982,11.371997,0.0,Under way using engine
2026-08-21T22:19:20Z,219000811,54.916085,11.359962,0.0,Under way using engine
2026-08-21T22:19:45Z,219002177,54.935982,11.371995,0.1,Under way using engine
2026-08-21T22:19:50Z,219000811,54.916088,11.359963,0.0,Under way using engine
2026-08-21T22:20:20Z,219000811,54.916088,11.359965,0.0,Under way using engine
2026-08-21T22:20:23Z,219002177,54.935988,11.372010,0.0,Under way using engine
2026-08-21T22:20:38Z,219000809,54.971918,11.514583,0.0,Moored
2026-08-21T22:20:50Z,219000811,54.916088,11.359965,0.0,Under way using engine
2026-08-21T22:20:54Z,219002177,54.935972,11.372002,0.0,Under way using engine
2026-08-21T22:21:09Z,219000809,54.971918,11.514583,0.0,Moored
2026-08-21T22:21:20Z,219000811,54.916090,11.359968,0.0,Under way using engine
2026-08-21T22:21:35Z,219002177,54.936008,11.372018,0.1,Under way using engine
2026-08-21T22:21:50Z,219000811,54.916090,11.359977,0.0,Under way using engine
2026-08-21T22:22:14Z,219002177,54.935983,11.372015,0.1,Under way using engine
2026-08-21T22:22:20Z,219000811,54.916090,11.359982,0.0,Under way using engine
2026-08-21T22:22:45Z,219002177,54.935980,11.372033,0.0,Under way using engine
2026-08-21T22:22:50Z,219000811,54.916087,11.359985,0.0,Under way using engine
2026-08-21T22:23:20Z,219000811,54.916085,11.359985,0.0,Under way using engine
2026-08-21T22:23:23Z,219002177,54.935952,11.372010,0.0,Under way using engine
2026-08-21T22:23:39Z,219000809,54.971925,11.514572,0.0,Moored
2026-08-21T22:23:50Z,219000811,54.916082,11.359983,0.0,Under way using engine
2026-08-21T22:23:54Z,219002177,54.935975,11.372025,0.0,Under way using engine
2026-08-21T22:24:20Z,219000811,54.916080,11.359982,0.0,Under way using engine
2026-08-21T22:24:35Z,219002177,54.935975,11.372020,0.0,Under way using engine
2026-08-21T22:24:50Z,219000811,54.916077,11.359983,0.0,Under way using engine
2026-08-21T22:25:14Z,219002177,54.935967,11.372015,0.0,Under way using engine
2026-08-21T22:25:20Z,219000811,54.916073,11.359987,0.0,Under way using engine
2026-08-21T22:25:45Z,219002177,54.935955,11.372035,0.0,Under way using engine
2026-08-21T22:25:50Z,219000811,54.916073,11.359983,0.0,Under way using engine
2026-08-21T22:26:25Z,219002177,54.935962,11.372028,0.0,Under way using engine
2026-08-21T22:26:29Z,219000811,54.916073,11.359988,0.0,Under way using engine
2026-08-21T22:26:42Z,219000809,54.971933,11.514558,0.0,Moored
2026-08-21T22:27:00Z,219000811,54.916072,11.359992,0.0,Under way using engine
2026-08-21T22:27:03Z,219002177,54.935973,11.372035,0.0,Under way using engine
2026-08-21T22:27:33Z,219002177,54.935975,11.372025,0.0,Under way using engine
2026-08-21T22:27:39Z,219000811,54.916072,11.359993,0.0,Under way using engine
2026-08-21T22:28:03Z,219002177,54.935965,11.372003,0.0,Under way using engine
2026-08-21T22:28:10Z,219000811,54.916075,11.359992,0.0,Under way using engine
2026-08-21T22:28:33Z,219002177,54.935978,11.371998,0.0,Under way using engine
2026-08-21T22:28:48Z,219000811,54.916080,11.359992,0.0,Under way using engine
2026-08-21T22:29:05Z,219002177,54.935957,11.372013,0.0,Under way using engine
2026-08-21T22:29:18Z,219000811,54.916082,11.359993,0.0,Under way using engine
2026-08-21T22:29:42Z,219000809,54.971958,11.514585,0.0,Moored
2026-08-21T22:29:44Z,219002177,54.935953,11.372003,0.0,Under way using engine
2026-08-21T22:29:48Z,219000811,54.916083,11.359993,0.0,Under way using engine
2026-08-21T22:30:14Z,219002177,54.935948,11.372013,0.0,Under way using engine
2026-08-21T22:30:18Z,219000811,54.916082,11.359992,0.0,Under way using engine
2026-08-21T22:30:44Z,219002177,54.935952,11.372013,0.0,Under way using engine
2026-08-21T22:30:48Z,219000811,54.916075,11.359992,0.0,Under way using engine
2026-08-21T22:31:14Z,219002177,54.935960,11.372012,0.0,Under way using engine
2026-08-21T22:31:18Z,219000811,54.916072,11.359993,0.0,Under way using engine
2026-08-21T22:31:44Z,219002177,54.935953,11.372002,0.0,Under way using engine
2026-08-21T22:31:48Z,219000811,54.916068,11.359997,0.0,Under way using engine
2026-08-21T22:32:14Z,219002177,54.935978,11.372018,0.0,Under way using engine
2026-08-21T22:32:18Z,219000811,54.916065,11.359997,0.0,Under way using engine
2026-08-21T22:32:39Z,219000809,54.971913,11.514585,0.0,Moored
2026-08-21T22:32:44Z,219002177,54.935973,11.372020,0.0,Under way using engine
2026-08-21T22:32:48Z,219000811,54.916067,11.359993,0.0,Under way using engine
2026-08-21T22:33:09Z,219000809,54.971913,11.514585,0.0,Moored
2026-08-21T22:33:14Z,219002177,54.935980,11.372012,0.0,Under way using engine
2026-08-21T22:33:18Z,219000811,54.916063,11.359988,0.0,Under way using engine
2026-08-21T22:33:44Z,219002177,54.935968,11.372012,0.0,Under way using engine
2026-08-21T22:33:48Z,219000811,54.916062,11.359985,0.0,Under way using engine
2026-08-21T22:34:14Z,219002177,54.935970,11.372020,0.0,Under way using engine
2026-08-21T22:34:20Z,219000811,54.916060,11.359980,0.0,Under way using engine
2026-08-21T22:34:44Z,219002177,54.935965,11.372020,0.0,Under way using engine
2026-08-21T22:34:58Z,219000811,54.916058,11.359977,0.0,Under way using engine
2026-08-21T22:35:14Z,219002177,54.935958,11.372022,0.0,Under way using engine
2026-08-21T22:35:30Z,219000811,54.916057,11.359977,0.0,Under way using engine
2026-08-21T22:35:40Z,219000809,54.971875,11.514602,0.0,Moored
2026-08-21T22:35:44Z,219002177,54.935960,11.372023,0.0,Under way using engine
2026-08-21T22:36:09Z,219000811,54.916058,11.359978,0.0,Under way using engine
2026-08-21T22:36:14Z,219002177,54.935962,11.372008,0.0,Under way using engine
2026-08-21T22:36:39Z,219000811,54.916055,11.359980,0.0,Under way using engine
2026-08-21T22:36:44Z,219002177,54.935962,11.372012,0.0,Under way using engine
2026-08-21T22:37:09Z,219000811,54.916052,11.359983,0.0,Under way using engine
2026-08-21T22:37:14Z,219002177,54.935972,11.372012,0.0,Under way using engine
2026-08-21T22:37:39Z,219000811,54.916047,11.359988,0.0,Under way using engine
2026-08-21T22:37:44Z,219002177,54.935962,11.372017,0.0,Under way using engine
2026-08-21T22:38:09Z,219000811,54.916045,11.359992,0.0,Under way using engine
2026-08-21T22:38:14Z,219002177,54.935967,11.372010,0.0,Under way using engine
2026-08-21T22:38:38Z,219000809,54.971908,11.514572,0.0,Moored
2026-08-21T22:38:40Z,219000811,54.916043,11.359993,0.0,Under way using engine
2026-08-21T22:38:44Z,219002177,54.935968,11.371998,0.0,Under way using engine
2026-08-21T22:39:09Z,219000809,54.971908,11.514572,0.0,Moored
2026-08-21T22:39:14Z,219002177,54.935968,11.372000,0.0,Under way using engine
2026-08-21T22:39:20Z,219000811,54.916047,11.359993,0.0,Under way using engine
2026-08-21T22:39:44Z,219002177,54.935963,11.371992,0.0,Under way using engine
2026-08-21T22:39:59Z,219000811,54.916053,11.359995,0.0,Under way using engine
2026-08-21T22:40:14Z,219002177,54.935972,11.372012,0.0,Under way using engine
2026-08-21T22:40:30Z,219000811,54.916057,11.359988,0.0,Under way using engine
2026-08-21T22:40:44Z,219002177,54.935975,11.372020,0.0,Under way using engine
2026-08-21T22:41:09Z,219000811,54.916058,11.359985,0.0,Under way using engine
2026-08-21T22:41:24Z,219002177,54.935975,11.372023,0.0,Under way using engine
2026-08-21T22:41:41Z,219000809,54.971930,11.514593,0.0,Moored
2026-08-21T22:41:49Z,219000811,54.916062,11.359983,0.0,Under way using engine
2026-08-21T22:41:54Z,219002177,54.935973,11.372017,0.0,Under way using engine
2026-08-21T22:42:20Z,219000811,54.916063,11.359983,0.0,Under way using engine
2026-08-21T22:42:24Z,219002177,54.935977,11.372013,0.0,Under way using engine
2026-08-21T22:42:55Z,219002177,54.935977,11.372012,0.0,Under way using engine
2026-08-21T22:43:00Z,219000811,54.916065,11.359980,0.0,Under way using engine
2026-08-21T22:43:35Z,219002177,54.935953,11.372002,0.0,Under way using engine
2026-08-21T22:43:40Z,219000811,54.916067,11.359978,0.0,Under way using engine
2026-08-21T22:44:14Z,219002177,54.935958,11.371990,0.0,Under way using engine
2026-08-21T22:44:20Z,219000811,54.916067,11.359977,0.0,Under way using engine
2026-08-21T22:44:40Z,219000809,54.971923,11.514610,0.0,Moored
2026-08-21T22:44:44Z,219002177,54.935965,11.371997,0.0,Under way using engine
2026-08-21T22:45:00Z,219000811,54.916067,11.359977,0.0,Under way using engine
2026-08-21T22:45:14Z,219002177,54.935957,11.371995,0.0,Under way using engine
2026-08-21T22:45:40Z,219000811,54.916065,11.359978,0.0,Under way using engine
2026-08-21T22:45:44Z,219002177,54.935953,11.371993,0.0,Under way using engine
2026-08-21T22:46:14Z,219002177,54.935960,11.372003,0.0,Under way using engine
2026-08-21T22:46:20Z,219000811,54.916062,11.359980,0.0,Under way using engine
2026-08-21T22:46:44Z,219002177,54.935960,11.371997,0.0,Under way using engine
2026-08-21T22:47:00Z,219000811,54.916058,11.359982,0.0,Under way using engine
2026-08-21T22:47:25Z,219002177,54.935968,11.372000,0.0,Under way using engine
2026-08-21T22:47:30Z,219000811,54.916055,11.359978,0.0,Under way using engine
2026-08-21T22:47:41Z,219000809,54.971915,11.514570,0.0,Moored
2026-08-21T22:47:55Z,219002177,54.935965,11.372003,0.0,Under way using engine
2026-08-21T22:48:00Z,219000811,54.916050,11.359978,0.0,Under way using engine
2026-08-21T22:48:30Z,219000811,54.916043,11.359982,0.0,Under way using engine
2026-08-21T22:48:34Z,219002177,54.935965,11.371995,0.0,Under way using engine
2026-08-21T22:49:00Z,219000811,54.916040,11.359987,0.0,Under way using engine
2026-08-21T22:49:04Z,219002177,54.935955,11.372000,0.0,Under way using engine
2026-08-21T22:49:30Z,219000811,54.916042,11.359988,0.0,Under way using engine
2026-08-21T22:49:34Z,219002177,54.935960,11.372010,0.0,Under way using engine
2026-08-21T22:50:00Z,219000811,54.916043,11.359988,0.0,Under way using engine
2026-08-21T22:50:04Z,219002177,54.935965,11.372010,0.0,Under way using engine
2026-08-21T22:50:30Z,219000811,54.916043,11.359988,0.0,Under way using engine
2026-08-21T22:50:35Z,219002177,54.935960,11.372002,0.0,Under way using engine
2026-08-21T22:50:41Z,219000809,54.971907,11.514590,0.0,Moored
2026-08-21T22:51:08Z,219000811,54.916043,11.359988,0.0,Under way using engine
2026-08-21T22:51:13Z,219002177,54.935955,11.372002,0.0,Under way using engine
2026-08-21T22:51:40Z,219000811,54.916043,11.359987,0.0,Under way using engine
2026-08-21T22:51:44Z,219002177,54.935952,11.372007,0.0,Under way using engine
2026-08-21T22:52:18Z,219000811,54.916047,11.359987,0.0,Under way using engine
2026-08-21T22:52:25Z,219002177,54.935968,11.372000,0.0,Under way using engine
2026-08-21T22:52:50Z,219000811,54.916050,11.359987,0.0,Under way using engine
2026-08-21T22:52:55Z,219002177,54.935967,11.372007,0.0,Under way using engine
2026-08-21T22:53:25Z,219002177,54.935963,11.371995,0.0,Under way using engine
2026-08-21T22:53:29Z,219000811,54.916053,11.359983,0.0,Under way using engine
2026-08-21T22:53:38Z,219000809,54.971925,11.514583,0.0,Moored
2026-08-21T22:53:55Z,219002177,54.935962,11.371983,0.0,Under way using engine
2026-08-21T22:53:59Z,219000811,54.916055,11.359985,0.0,Under way using engine
2026-08-21T22:54:25Z,219002177,54.935958,11.371987,0.0,Under way using engine
2026-08-21T22:54:29Z,219000811,54.916055,11.359983,0.0,Under way using engine
2026-08-21T22:54:55Z,219002177,54.935965,11.371987,0.0,Under way using engine
2026-08-21T22:54:59Z,219000811,54.916055,11.359983,0.0,Under way using engine
2026-08-21T22:55:25Z,219002177,54.935967,11.371990,0.0,Under way using engine
2026-08-21T22:55:29Z,219000811,54.916060,11.359982,0.0,Under way using engine
2026-08-21T22:55:55Z,219002177,54.935963,11.371998,0.0,Under way using engine
2026-08-21T22:55:59Z,219000811,54.916063,11.359985,0.0,Under way using engine
2026-08-21T22:56:29Z,219000811,54.916065,11.359985,0.0,Under way using engine
2026-08-21T22:56:34Z,219002177,54.935957,11.372002,0.0,Under way using engine
2026-08-21T22:56:42Z,219000809,54.971923,11.514590,0.0,Moored
2026-08-21T22:56:59Z,219000811,54.916065,11.359985,0.0,Under way using engine
2026-08-21T22:57:14Z,219002177,54.935967,11.371995,0.0,Under way using engine
2026-08-21T22:57:40Z,219000811,54.916063,11.359983,0.0,Under way using engine
2026-08-21T22:57:44Z,219002177,54.935963,11.371997,0.0,Under way using engine
2026-08-21T22:58:10Z,219000811,54.916065,11.359985,0.0,Under way using engine
2026-08-21T22:58:14Z,219002177,54.935962,11.371995,0.0,Under way using engine
2026-08-21T22:58:40Z,219000811,54.916062,11.359985,0.0,Under way using engine
2026-08-21T22:58:44Z,219002177,54.935955,11.371993,0.0,Under way using engine
2026-08-21T22:59:10Z,219000811,54.916060,11.359978,0.0,Under way using engine
2026-08-21T22:59:14Z,219002177,54.935958,11.371997,0.0,Under way using engine
2026-08-21T22:59:38Z,219000809,54.971915,11.514572,0.0,Moored
2026-08-21T22:59:40Z,219000811,54.916060,11.359975,0.0,Under way using engine
2026-08-21T22:59:44Z,219002177,54.935963,11.372002,0.0,Under way using engine
2026-08-21T23:00:10Z,219000811,54.916063,11.359975,0.0,Under way using engine
2026-08-21T23:00:14Z,219002177,54.935970,11.371995,0.0,Under way using engine
2026-08-21T23:00:40Z,219000811,54.916063,11.359977,0.0,Under way using engine
2026-08-21T23:00:44Z,219002177,54.935965,11.371987,0.0,Under way using engine
2026-08-21T23:01:14Z,219002177,54.935973,11.371995,0.0,Under way using engine
2026-08-21T23:01:19Z,219000811,54.916065,11.359977,0.0,Under way using engine
2026-08-21T23:01:44Z,219002177,54.935975,11.372017,0.0,Under way using engine
2026-08-21T23:01:49Z,219000811,54.916063,11.359977,0.0,Under way using engine
2026-08-21T23:02:14Z,219002177,54.935968,11.372013,0.0,Under way using engine
2026-08-21T23:02:19Z,219000811,54.916063,11.359977,0.0,Under way using engine
2026-08-21T23:02:41Z,219000809,54.971925,11.514560,0.0,Moored
2026-08-21T23:02:44Z,219002177,54.935958,11.372002,0.0,Under way using engine
2026-08-21T23:02:49Z,219000811,54.916063,11.359978,0.0,Under way using engine
2026-08-21T23:03:14Z,219002177,54.935960,11.372003,0.0,Under way using engine
2026-08-21T23:03:20Z,219000811,54.916060,11.359980,0.0,Under way using engine
2026-08-21T23:03:44Z,219002177,54.935967,11.372005,0.0,Under way using engine
2026-08-21T23:03:50Z,219000811,54.916058,11.359982,0.0,Under way using engine
2026-08-21T23:04:14Z,219002177,54.935972,11.371995,0.0,Under way using engine
2026-08-21T23:04:20Z,219000811,54.916058,11.359983,0.0,Under way using engine
2026-08-21T23:04:44Z,219002177,54.935975,11.372018,0.0,Under way using engine
2026-08-21T23:04:50Z,219000811,54.916060,11.359987,0.0,Under way using engine
2026-08-21T23:05:14Z,219002177,54.935970,11.372027,0.0,Under way using engine
2026-08-21T23:05:20Z,219000811,54.916060,11.359988,0.0,Under way using engine
2026-08-21T23:05:40Z,219000809,54.971920,11.514597,0.0,Moored
2026-08-21T23:05:44Z,219002177,54.935975,11.372033,0.0,Under way using engine
2026-08-21T23:05:50Z,219000811,54.916060,11.359990,0.0,Under way using engine
2026-08-21T23:06:14Z,219002177,54.935972,11.372030,0.0,Under way using engine
2026-08-21T23:06:20Z,219000811,54.916062,11.359987,0.0,Under way using engine
2026-08-21T23:06:44Z,219002177,54.935967,11.372008,0.0,Under way using engine
2026-08-21T23:06:50Z,219000811,54.916062,11.359985,0.0,Under way using engine
2026-08-21T23:07:14Z,219002177,54.935968,11.372000,0.0,Under way using engine
2026-08-21T23:07:20Z,219000811,54.916062,11.359987,0.0,Under way using engine
2026-08-21T23:07:44Z,219002177,54.935970,11.372007,0.0,Under way using engine
2026-08-21T23:07:50Z,219000811,54.916062,11.359985,0.0,Under way using engine
2026-08-21T23:08:14Z,219002177,54.935977,11.372007,0.0,Under way using engine
2026-08-21T23:08:20Z,219000811,54.916062,11.359983,0.0,Under way using engine
2026-08-21T23:08:39Z,219000809,54.971922,11.514587,0.0,Moored
2026-08-21T23:08:44Z,219002177,54.935970,11.372015,0.0,Under way using engine
2026-08-21T23:08:50Z,219000811,54.916062,11.359982,0.0,Under way using engine
2026-08-21T23:09:09Z,219000809,54.971922,11.514587,0.0,Moored
2026-08-21T23:09:14Z,219002177,54.935957,11.372013,0.0,Under way using engine
2026-08-21T23:09:20Z,219000811,54.916062,11.359980,0.0,Under way using engine
2026-08-21T23:09:45Z,219002177,54.935958,11.372015,0.0,Under way using engine
2026-08-21T23:09:50Z,219000811,54.916063,11.359982,0.0,Under way using engine
2026-08-21T23:10:20Z,219000811,54.916063,11.359982,0.0,Under way using engine
2026-08-21T23:10:24Z,219002177,54.935958,11.372013,0.0,Under way using engine
2026-08-21T23:10:50Z,219000811,54.916063,11.359983,0.0,Under way using engine
2026-08-21T23:10:54Z,219002177,54.935963,11.372022,0.0,Under way using engine
2026-08-21T23:11:20Z,219000811,54.916062,11.359985,0.0,Under way using engine
2026-08-21T23:11:24Z,219002177,54.935965,11.372017,0.0,Under way using engine
2026-08-21T23:11:40Z,219000809,54.971920,11.514578,0.0,Moored
2026-08-21T23:11:50Z,219000811,54.916060,11.359987,0.0,Under way using engine
2026-08-21T23:11:54Z,219002177,54.935963,11.372012,0.0,Under way using engine
2026-08-21T23:12:20Z,219000811,54.916060,11.359988,0.0,Under way using engine
2026-08-21T23:12:33Z,219002177,54.935962,11.372067,0.0,Under way using engine
2026-08-21T23:12:50Z,219000811,54.916058,11.359987,0.0,Under way using engine
2026-08-21T23:13:03Z,219002177,54.935962,11.372023,0.0,Under way using engine
2026-08-21T23:13:20Z,219000811,54.916060,11.359983,0.0,Under way using engine
2026-08-21T23:13:33Z,219002177,54.935965,11.372038,0.0,Under way using engine
2026-08-21T23:13:59Z,219000811,54.916060,11.359980,0.0,Under way using engine
2026-08-21T23:14:03Z,219002177,54.935958,11.372018,0.0,Under way using engine
2026-08-21T23:14:30Z,219000811,54.916062,11.359980,0.0,Under way using engine
2026-08-21T23:14:33Z,219002177,54.935965,11.372025,0.0,Under way using engine
2026-08-21T23:14:41Z,219000809,54.971917,11.514593,0.0,Moored
2026-08-21T23:15:03Z,219002177,54.935958,11.372030,0.0,Under way using engine
2026-08-21T23:15:09Z,219000811,54.916065,11.359983,0.0,Under way using engine
2026-08-21T23:15:33Z,219002177,54.935957,11.372040,0.0,Under way using engine
2026-08-21T23:15:40Z,219000811,54.916065,11.359985,0.0,Under way using engine
2026-08-21T23:16:03Z,219002177,54.935948,11.372005,0.0,Under way using engine
2026-08-21T23:16:20Z,219000811,54.916065,11.359982,0.0,Under way using engine
2026-08-21T23:16:33Z,219002177,54.935962,11.372008,0.0,Under way using engine
2026-08-21T23:16:59Z,219000811,54.916067,11.359980,0.0,Under way using engine
2026-08-21T23:17:03Z,219002177,54.935962,11.372055,0.0,Under way using engine
2026-08-21T23:17:30Z,219000811,54.916065,11.359973,0.0,Under way using engine
2026-08-21T23:17:35Z,219002177,54.935960,11.372028,0.0,Under way using engine
2026-08-21T23:17:40Z,219000809,54.971918,11.514597,0.0,Moored
2026-08-21T23:18:09Z,219000811,54.916062,11.359968,0.0,Under way using engine
2026-08-21T23:18:15Z,219002177,54.935955,11.372018,0.0,Under way using engine
2026-08-21T23:18:40Z,219000811,54.916060,11.359968,0.0,Under way using engine
2026-08-21T23:18:55Z,219002177,54.935958,11.372018,0.0,Under way using engine
2026-08-21T23:19:20Z,219000811,54.916058,11.359968,0.0,Under way using engine
2026-08-21T23:19:25Z,219002177,54.935950,11.372012,0.0,Under way using engine
2026-08-21T23:19:55Z,219002177,54.935960,11.372063,0.0,Under way using engine
2026-08-21T23:19:59Z,219000811,54.916058,11.359968,0.0,Under way using engine
2026-08-21T23:20:25Z,219002177,54.935960,11.372015,0.0,Under way using engine
2026-08-21T23:20:29Z,219000811,54.916058,11.359970,0.0,Under way using engine
2026-08-21T23:20:41Z,219000809,54.971918,11.514582,0.0,Moored
2026-08-21T23:20:55Z,219002177,54.935972,11.372018,0.0,Under way using engine
2026-08-21T23:20:59Z,219000811,54.916058,11.359970,0.0,Under way using engine
2026-08-21T23:21:25Z,219002177,54.935980,11.372047,0.0,Under way using engine
2026-08-21T23:21:29Z,219000811,54.916060,11.359972,0.0,Under way using engine
2026-08-21T23:21:55Z,219002177,54.935978,11.372020,0.0,Under way using engine
2026-08-21T23:21:59Z,219000811,54.916058,11.359973,0.0,Under way using engine
2026-08-21T23:22:25Z,219002177,54.935967,11.371978,0.0,Under way using engine
2026-08-21T23:22:29Z,219000811,54.916058,11.359972,0.0,Under way using engine
2026-08-21T23:22:55Z,219002177,54.935970,11.371993,0.0,Under way using engine
2026-08-21T23:22:59Z,219000811,54.916058,11.359970,0.0,Under way using engine
2026-08-21T23:23:26Z,219002177,54.935977,11.372068,0.0,Under way using engine
2026-08-21T23:23:29Z,219000811,54.916060,11.359968,0.0,Under way using engine
2026-08-21T23:23:42Z,219000809,54.971918,11.514587,0.0,Moored
2026-08-21T23:23:59Z,219000811,54.916060,11.359968,0.0,Under way using engine
2026-08-21T23:24:04Z,219002177,54.935977,11.372073,0.0,Under way using engine
2026-08-21T23:24:29Z,219000811,54.916060,11.359970,0.0,Under way using engine
2026-08-21T23:24:45Z,219002177,54.935963,11.372010,0.0,Under way using engine
2026-08-21T23:25:00Z,219000811,54.916058,11.359975,0.0,Under way using engine
2026-08-21T23:25:24Z,219002177,54.935963,11.372042,0.0,Under way using engine
2026-08-21T23:25:39Z,219000811,54.916055,11.359978,0.0,Under way using engine
2026-08-21T23:25:55Z,219002177,54.935967,11.372057,0.0,Under way using engine
2026-08-21T23:26:09Z,219000811,54.916055,11.359975,0.0,Under way using engine
2026-08-21T23:26:33Z,219002177,54.935965,11.372048,0.0,Under way using engine
2026-08-21T23:26:39Z,219000811,54.916052,11.359975,0.0,Under way using engine
2026-08-21T23:26:40Z,219000809,54.971920,11.514567,0.0,Moored
2026-08-21T23:27:04Z,219002177,54.935968,11.372047,0.0,Under way using engine
2026-08-21T23:27:09Z,219000811,54.916052,11.359973,0.0,Under way using engine
2026-08-21T23:27:39Z,219000811,54.916050,11.359972,0.0,Under way using engine
2026-08-21T23:27:45Z,219002177,54.935975,11.372037,0.0,Under way using engine
2026-08-21T23:28:09Z,219000811,54.916048,11.359970,0.0,Under way using engine
2026-08-21T23:28:15Z,219002177,54.935975,11.372035,0.0,Under way using engine
2026-08-21T23:28:45Z,219002177,54.935978,11.372033,0.0,Under way using engine
2026-08-21T23:28:49Z,219000811,54.916050,11.359968,0.0,Under way using engine
2026-08-21T23:29:15Z,219002177,54.935968,11.372013,0.0,Under way using engine
2026-08-21T23:29:19Z,219000811,54.916052,11.359968,0.0,Under way using engine
2026-08-21T23:29:42Z,219000809,54.971925,11.514580,0.0,Moored
2026-08-21T23:29:45Z,219002177,54.935967,11.372012,0.0,Under way using engine
2026-08-21T23:29:49Z,219000811,54.916053,11.359968,0.0,Under way using engine
2026-08-21T23:30:15Z,219002177,54.935962,11.372010,0.0,Under way using engine
2026-08-21T23:30:19Z,219000811,54.916055,11.359970,0.0,Under way using engine
2026-08-21T23:30:45Z,219002177,54.935975,11.372013,0.0,Under way using engine
2026-08-21T23:30:49Z,219000811,54.916055,11.359970,0.0,Under way using engine
2026-08-21T23:31:15Z,219002177,54.935982,11.372012,0.0,Under way using engine
2026-08-21T23:31:19Z,219000811,54.916055,11.359973,0.0,Under way using engine
2026-08-21T23:31:45Z,219002177,54.935990,11.372012,0.0,Under way using engine
2026-08-21T23:31:49Z,219000811,54.916055,11.359973,0.0,Under way using engine
2026-08-21T23:32:15Z,219002177,54.935973,11.372020,0.0,Under way using engine
2026-08-21T23:32:19Z,219000811,54.916053,11.359977,0.0,Under way using engine
2026-08-21T23:32:41Z,219000809,54.971910,11.514590,0.0,Moored
2026-08-21T23:32:45Z,219002177,54.935982,11.372003,0.0,Under way using engine
2026-08-21T23:32:49Z,219000811,54.916053,11.359980,0.0,Under way using engine
2026-08-21T23:33:15Z,219002177,54.935965,11.371977,0.0,Under way using engine
2026-08-21T23:33:19Z,219000811,54.916052,11.359980,0.0,Under way using engine
2026-08-21T23:33:49Z,219000811,54.916050,11.359980,0.0,Under way using engine
2026-08-21T23:33:53Z,219002177,54.935972,11.371957,0.0,Under way using engine
2026-08-21T23:34:19Z,219000811,54.916048,11.359982,0.0,Under way using engine
2026-08-21T23:34:25Z,219002177,54.935980,11.371962,0.0,Under way using engine
2026-08-21T23:34:49Z,219000811,54.916048,11.359982,0.0,Under way using engine
2026-08-21T23:35:04Z,219002177,54.935963,11.371985,0.0,Under way using engine
2026-08-21T23:35:19Z,219000811,54.916048,11.359985,0.0,Under way using engine
2026-08-21T23:35:35Z,219002177,54.935958,11.372010,0.0,Under way using engine
2026-08-21T23:35:38Z,219000809,54.971928,11.514613,0.0,Moored
2026-08-21T23:35:49Z,219000811,54.916050,11.359987,0.0,Under way using engine
2026-08-21T23:36:05Z,219002177,54.935957,11.372020,0.0,Under way using engine
2026-08-21T23:36:19Z,219000811,54.916052,11.359983,0.0,Under way using engine
2026-08-21T23:36:35Z,219002177,54.935967,11.372023,0.0,Under way using engine
2026-08-21T23:36:50Z,219000811,54.916053,11.359982,0.0,Under way using engine
2026-08-21T23:37:05Z,219002177,54.935950,11.372042,0.0,Under way using engine
2026-08-21T23:37:29Z,219000811,54.916053,11.359980,0.0,Under way using engine
2026-08-21T23:37:35Z,219002177,54.935967,11.372030,0.0,Under way using engine
2026-08-21T23:37:59Z,219000811,54.916055,11.359977,0.0,Under way using engine
2026-08-21T23:38:15Z,219002177,54.935958,11.372025,0.0,Under way using engine
2026-08-21T23:38:29Z,219000811,54.916055,11.359975,0.0,Under way using engine
2026-08-21T23:38:41Z,219000809,54.971905,11.514590,0.0,Moored
2026-08-21T23:38:54Z,219002177,54.935968,11.372032,0.0,Under way using engine
2026-08-21T23:38:59Z,219000811,54.916057,11.359977,0.0,Under way using engine
2026-08-21T23:39:25Z,219002177,54.935975,11.372023,0.0,Under way using engine
2026-08-21T23:39:29Z,219000811,54.916058,11.359975,0.0,Under way using engine
2026-08-21T23:39:59Z,219000811,54.916058,11.359975,0.0,Under way using engine
2026-08-21T23:40:14Z,219002177,54.935978,11.372013,0.0,Under way using engine
2026-08-21T23:40:29Z,219000811,54.916060,11.359975,0.0,Under way using engine
2026-08-21T23:40:44Z,219002177,54.935948,11.372022,0.0,Under way using engine
2026-08-21T23:40:59Z,219000811,54.916060,11.359975,0.0,Under way using engine
2026-08-21T23:41:14Z,219002177,54.935927,11.372030,0.0,Under way using engine
2026-08-21T23:41:29Z,219000811,54.916058,11.359975,0.0,Under way using engine
2026-08-21T23:41:40Z,219000809,54.971918,11.514590,0.0,Moored
2026-08-21T23:41:44Z,219002177,54.935962,11.372027,0.0,Under way using engine
2026-08-21T23:41:59Z,219000811,54.916057,11.359973,0.0,Under way using engine
2026-08-21T23:42:14Z,219002177,54.935967,11.372022,0.0,Under way using engine
2026-08-21T23:42:29Z,219000811,54.916057,11.359970,0.0,Under way using engine
2026-08-21T23:42:44Z,219002177,54.935958,11.372018,0.0,Under way using engine
2026-08-21T23:42:59Z,219000811,54.916057,11.359972,0.0,Under way using engine
2026-08-21T23:43:14Z,219002177,54.935962,11.372010,0.0,Under way using engine
2026-08-21T23:43:29Z,219000811,54.916055,11.359975,0.0,Under way using engine
2026-08-21T23:43:44Z,219002177,54.935953,11.372005,0.0,Under way using engine
2026-08-21T23:43:59Z,219000811,54.916052,11.359973,0.0,Under way using engine
2026-08-21T23:44:14Z,219002177,54.935957,11.372015,0.0,Under way using engine
2026-08-21T23:44:29Z,219000811,54.916050,11.359972,0.0,Under way using engine
2026-08-21T23:44:41Z,219000809,54.971927,11.514580,0.0,Moored
2026-08-21T23:44:44Z,219002177,54.935947,11.372008,0.0,Under way using engine
2026-08-21T23:44:59Z,219000811,54.916050,11.359967,0.0,Under way using engine
2026-08-21T23:45:14Z,219002177,54.935945,11.372007,0.0,Under way using engine
2026-08-21T23:45:29Z,219000811,54.916050,11.359967,0.0,Under way using engine
2026-08-21T23:45:53Z,219002177,54.935947,11.372000,0.0,Under way using engine
2026-08-21T23:45:59Z,219000811,54.916050,11.359967,0.0,Under way using engine
2026-08-21T23:46:29Z,219000811,54.916050,11.359970,0.0,Under way using engine
2026-08-21T23:46:35Z,219002177,54.935945,11.372017,0.0,Under way using engine
2026-08-21T23:46:59Z,219000811,54.916048,11.359972,0.0,Under way using engine
2026-08-21T23:47:05Z,219002177,54.935947,11.372025,0.0,Under way using engine
2026-08-21T23:47:39Z,219000811,54.916048,11.359977,0.0,Under way using engine
2026-08-21T23:47:41Z,219000809,54.971918,11.514578,0.0,Moored
2026-08-21T23:47:43Z,219002177,54.935950,11.372022,0.0,Under way using engine
2026-08-21T23:48:14Z,219002177,54.935948,11.372013,0.0,Under way using engine
2026-08-21T23:48:20Z,219000811,54.916047,11.359978,0.0,Under way using engine
2026-08-21T23:48:53Z,219002177,54.935953,11.372007,0.0,Under way using engine
2026-08-21T23:48:58Z,219000811,54.916048,11.359977,0.0,Under way using engine
2026-08-21T23:49:28Z,219000811,54.916052,11.359975,0.0,Under way using engine
2026-08-21T23:49:33Z,219002177,54.935957,11.372013,0.0,Under way using engine
2026-08-21T23:49:58Z,219000811,54.916053,11.359973,0.0,Under way using engine
2026-08-21T23:50:05Z,219002177,54.935952,11.372017,0.0,Under way using engine
2026-08-21T23:50:28Z,219000811,54.916055,11.359972,0.0,Under way using engine
2026-08-21T23:50:38Z,219000809,54.971920,11.514580,0.0,Moored
2026-08-21T23:50:43Z,219002177,54.935950,11.372015,0.0,Under way using engine
2026-08-21T23:50:58Z,219000811,54.916057,11.359970,0.0,Under way using engine
2026-08-21T23:51:09Z,219000809,54.971920,11.514580,0.0,Moored
2026-08-21T23:51:14Z,219002177,54.935960,11.372007,0.0,Under way using engine
2026-08-21T23:51:28Z,219000811,54.916058,11.359968,0.0,Under way using engine
2026-08-21T23:51:55Z,219002177,54.935960,11.372010,0.0,Under way using engine
2026-08-21T23:51:58Z,219000811,54.916058,11.359968,0.0,Under way using engine
2026-08-21T23:52:28Z,219000811,54.916060,11.359970,0.0,Under way using engine
2026-08-21T23:52:33Z,219002177,54.935968,11.372012,0.0,Under way using engine
2026-08-21T23:52:58Z,219000811,54.916062,11.359968,0.0,Under way using engine
2026-08-21T23:53:05Z,219002177,54.935970,11.372008,0.0,Under way using engine
2026-08-21T23:53:28Z,219000811,54.916060,11.359967,0.0,Under way using engine
2026-08-21T23:53:41Z,219000809,54.971907,11.514588,0.0,Moored
2026-08-21T23:53:45Z,219002177,54.935973,11.372008,0.0,Under way using engine
2026-08-21T23:53:58Z,219000811,54.916060,11.359965,0.0,Under way using engine
2026-08-21T23:54:28Z,219000811,54.916058,11.359963,0.0,Under way using engine
2026-08-21T23:54:35Z,219002177,54.935980,11.372032,0.0,Under way using engine
2026-08-21T23:54:59Z,219000811,54.916060,11.359965,0.0,Under way using engine
2026-08-21T23:55:05Z,219002177,54.935987,11.372037,0.0,Under way using engine
2026-08-21T23:55:30Z,219000811,54.916060,11.359967,0.0,Under way using engine
2026-08-21T23:55:35Z,219002177,54.935973,11.372030,0.0,Under way using engine
2026-08-21T23:56:05Z,219002177,54.935965,11.372018,0.0,Under way using engine
2026-08-21T23:56:09Z,219000811,54.916062,11.359965,0.0,Under way using engine
2026-08-21T23:56:35Z,219002177,54.935968,11.372022,0.0,Under way using engine
2026-08-21T23:56:40Z,219000811,54.916058,11.359963,0.0,Under way using engine
2026-08-21T23:56:41Z,219000809,54.971915,11.514587,0.0,Moored
2026-08-21T23:57:05Z,219002177,54.935963,11.372015,0.0,Under way using engine
2026-08-21T23:57:20Z,219000811,54.916058,11.359967,0.0,Under way using engine
2026-08-21T23:57:35Z,219002177,54.935962,11.372012,0.0,Under way using engine
2026-08-21T23:57:50Z,219000811,54.916058,11.359968,0.0,Under way using engine
2026-08-21T23:58:05Z,219002177,54.935962,11.372017,0.0,Under way using engine
2026-08-21T23:58:30Z,219000811,54.916057,11.359970,0.0,Under way using engine
2026-08-21T23:58:54Z,219002177,54.935955,11.372015,0.0,Under way using engine
2026-08-21T23:59:09Z,219000811,54.916057,11.359970,0.0,Under way using engine
2026-08-21T23:59:25Z,219002177,54.935948,11.372027,0.0,Under way using engine
2026-08-21T23:59:38Z,219000809,54.971913,11.514570,0.0,Moored
2026-08-21T23:59:40Z,219000811,54.916058,11.359970,0.0,Under way using engine
